v -7.0193872 -7.0193872 0.16305012
v -7.0193872 -7.0193872 0.67043555
v -7.0193872 7.0193872 0.16305012
v -7.0193872 7.0193872 0.67043555
v -4.6821237 -4.6821237 18.729763
v -4.6821237 -4.6821237 18.830585
v -4.6821237 4.6821237 18.729763
v -4.6821237 4.6821237 18.830585
v -4.6810484 -4.6805453 14.699333
v -4.6810484 -4.6805453 16.09623
v -4.6808062 -4.6807938 14.325526
v -4.6808062 -4.6807938 14.699332
v -4.6808062 4.6807828 14.325526
v -4.6808062 4.6807828 14.699332
v -4.6807985 -4.6807942 14.699333
v -4.6807985 -4.6807942 16.09623
v -4.6807985 -4.4599524 14.699333
v -4.6807985 -4.4599524 16.09623
v -4.6805754 4.460197 14.699333
v -4.6805754 4.460197 16.09623
v -4.6805501 4.6810389 14.699333
v -4.6805501 4.6810389 16.09623
v -4.4398537 -4.6805711 14.699333
v -4.4398537 -4.6805711 16.09623
v -4.4393802 4.4601707 14.699333
v -4.4393802 4.4601707 16.09623
v -4.4393554 4.6810126 14.699333
v -4.4393554 4.6810126 16.09623
v -3.6489811 -3.6489806 0.67043555
v -3.6489811 -3.6489806 1.053875
v -3.6489811 -2.3510184 0.67043555
v -3.6489811 -2.3510184 1.053875
v -3.6489811 2.3510189 0.67043561
v -3.6489811 2.3510189 1.053875
v -3.6489811 3.6489811 0.67043561
v -3.6489811 3.6489811 1.053875
v -3.2970278 -3.2970278 1.053875
v -3.2970278 -2.7029724 1.053875
v -3.2970278 -2.7029724 18.732643
v -3.2970278 2.7029729 5.1008992
v -3.2970278 2.7029729 5.6949544
v -3.2970278 2.7029729 10.1009
v -3.2970278 2.7029729 10.694955
v -3.2970278 3.2970281 5.1008992
v -3.2970278 3.2970281 5.6949544
v -3.2970278 3.2970281 10.1009
v -3.2970278 3.2970281 10.694955
v -3.2970276 -3.2970278 5.1008992
v -3.2970276 -3.2970278 5.6949539
v -3.2970276 -3.2970278 10.1009
v -3.2970276 -3.2970278 10.694955
v -3.2970276 -3.2970278 18.732641
v -3.2970276 2.7029729 1.053875
v -3.2970276 2.7029729 18.732643
v -3.2970276 3.2970281 1.053875
v -3.2970276 3.2970281 10.1009
v -3.2970276 3.2970281 10.694955
v -3.2970276 3.2970281 18.732643
v -3.2970273 -3.2970278 10.100899
v -3.2970273 -3.2970278 10.694954
v -3.2970273 -2.7029724 10.100899
v -3.2970273 -2.7029724 10.694954
v -3.2970273 3.2970281 5.1008992
v -3.2970273 3.2970281 5.6949544
v -3.2970271 -3.2970278 5.1008978
v -3.2970271 -3.2970278 5.6949534
v -3.2970271 -2.7029724 5.1008978
v -3.2970271 -2.7029724 5.6949534
v -2.7029791 -1.0445297 5.3546276
v -2.7029791 -1.0445297 5.4008999
v -2.7029767 -0.74452949 5.6546288
v -2.7029767 -0.74452949 5.7009001
v -2.7029757 -0.59700751 5.3546276
v -2.7029757 -0.59700751 5.4008999
v -2.7029738 -0.44452953 5.9546289
v -2.7029738 -0.44452953 6.0008993
v -2.7029736 -0.2970078 5.6546288
v -2.7029736 -0.2970078 5.7009001
v -2.7029727 -3.2970278 5.6949539
v -2.7029724 -3.2970278 1.053875
v -2.7029724 -3.2970278 5.1008992
v -2.7029724 -3.2970278 10.1009
v -2.7029724 -3.2970278 10.694955
v -2.7029724 -3.2970278 18.732643
v -2.7029724 -2.7029724 1.053875
v -2.7029724 -2.7029724 18.732641
v -2.7029724 -0.14452958 6.2546282
v -2.7029724 -0.14452958 6.3008995
v -2.7029724 2.7029729 18.732643
v -2.7029724 3.2970281 5.1008992
v -2.7029724 3.2970281 5.6949544
v -2.7029724 3.2970281 10.1009
v -2.7029724 3.2970281 10.694955
v -2.7029724 3.2970281 18.732643
v -2.7029722 2.7029729 1.053875
v -2.7029722 3.2970281 1.053875
v -2.7029719 -2.7029719 5.0546284
v -2.7029719 -2.7029719 5.1008987
v -2.7029719 -0.80141854 5.0546284
v -2.7029719 -0.80141854 5.1008987
v -2.7029715 0.00299263 5.9546289
v -2.7029715 0.00299263 6.0008993
v -2.7029696 0.15547085 6.5546284
v -2.7029696 0.15547085 6.6008987
v -2.7029686 0.30299282 6.2546282
v -2.7029686 0.30299282 6.3008995
v -2.7029676 0.45547056 6.8546286
v -2.7029676 0.45547056 6.9008989
v -2.7029669 0.60299253 6.5546284
v -2.7029669 0.60299253 6.6008987
v -2.7029665 0.75547075 7.1546283
v -2.7029665 0.75547075 7.2008991
v -2.7029648 0.90299225 6.8546286
v -2.7029648 0.90299225 6.9008989
v -2.7029631 1.05547 7.4546289
v -2.7029631 1.05547 7.5008998
v -2.7029626 1.2029924 7.1546283
v -2.7029626 1.2029924 7.2008991
v -2.7029519 2.7029915 7.4546289
v -2.7029519 2.7029915 7.5008998
v -2.6241386 -0.99253249 5.0730143
v -2.6241386 -0.99253249 5.364522
v -2.6241379 -0.95671701 5.0730143
v -2.6241379 -0.95671701 5.364522
v -2.6241364 -0.69253254 5.3730145
v -2.6241364 -0.69253254 5.6645222
v -2.6241357 -0.65671706 5.3730145
v -2.6241357 -0.65671706 5.6645222
v -2.6241341 -0.39253259 5.6730146
v -2.6241341 -0.39253259 5.9645224
v -2.6241341 -0.35671687 5.6730146
v -2.6241341 -0.35671687 5.9645224
v -2.6241322 -0.092533112 5.9730139
v -2.6241322 -0.092533112 6.2645216
v -2.6241314 -0.056717634 5.9730139
v -2.6241314 -0.056717634 6.2645216
v -2.6241298 0.24328279 6.2730141
v -2.6241298 0.24328279 6.5645218
v -2.6241293 0.20746708 6.2730141
v -2.6241293 0.20746708 6.5645218
v -2.6241279 0.50746727 6.5730143
v -2.6241279 0.50746727 6.8645229
v -2.6241269 0.54328203 6.5730143
v -2.6241269 0.54328203 6.8645229
v -2.6241255 0.8432827 6.8730145
v -2.6241255 0.8432827 7.1645222
v -2.624125 0.80746651 6.8730145
v -2.624125 0.80746651 7.1645222
v -2.6241226 1.1074672 7.1730151
v -2.6241226 1.1074672 7.4645228
v -2.6241226 1.1432819 7.1730151
v -2.6241226 1.1432819 7.4645228
v -2.5818198 -0.99253297 5.0730143
v -2.5818198 -0.99253297 5.364522
v -2.5818191 -0.95671749 5.0730143
v -2.5818191 -0.95671749 5.364522
v -2.5818176 -0.69253302 5.3730145
v -2.5818176 -0.69253302 5.6645222
v -2.5818167 -0.65671706 5.3730145
v -2.5818167 -0.65671706 5.6645222
v -2.5818148 -0.39253306 5.6730146
v -2.5818148 -0.39253306 5.9645224
v -2.5818148 -0.35671759 5.6730146
v -2.5818148 -0.35671759 5.9645224
v -2.5818131 -0.092533112 5.9730139
v -2.5818131 -0.092533112 6.2645216
v -2.5818124 -0.056717873 5.9730139
v -2.5818124 -0.056717873 6.2645216
v -2.5818105 0.24328184 6.2730141
v -2.5818105 0.24328184 6.5645218
v -2.58181 0.2074666 6.2730141
v -2.58181 0.2074666 6.5645218
v -2.5818088 0.50746632 6.5730143
v -2.5818088 0.50746632 6.8645229
v -2.5818081 0.54328203 6.5730143
v -2.5818081 0.54328203 6.8645229
v -2.5818062 0.80746651 6.8730145
v -2.5818062 0.80746651 7.1645222
v -2.5818059 0.84328175 6.8730145
v -2.5818059 0.84328175 7.1645222
v -2.5818038 1.1074662 7.1730151
v -2.5818038 1.1074662 7.4645228
v -2.5818038 1.1432819 7.1730151
v -2.5818038 1.1432819 7.4645228
v -2.3510189 -3.6489806 0.67043555
v -2.3510189 -3.6489806 1.053875
v -2.3510189 -2.3510184 0.67043555
v -2.3510189 -2.3510184 1.053875
v -2.3510189 2.3510189 0.67043561
v -2.3510189 2.3510189 1.053875
v -2.3510189 3.6489811 0.67043561
v -2.3510189 3.6489811 1.053875
v -2.2749186 -0.91612709 14.699332
v -2.2749186 -0.91612709 18.729763
v -2.2749186 -0.36823118 15.560924
v -2.2749186 -0.36823118 16.893269
v -2.2749186 2.1275945 15.560924
v -2.2749186 2.1275945 16.893269
v -2.2749186 2.7029729 14.699332
v -2.2749186 2.7029729 18.729763
v -2.0493937 -0.36823118 15.560924
v -2.0493937 -0.36823118 16.893269
v -2.0493937 2.1275945 15.560924
v -2.0493937 2.1275945 16.893269
v -2.0493922 -0.69060063 14.924856
v -2.0493922 -0.69060063 18.504234
v -2.0493922 2.4774466 14.924856
v -2.0493922 2.4774466 18.504234
v -1.7269576 -0.91612709 15.560924
v -1.7269576 -0.91612709 16.911747
v -1.7269576 -0.69060051 15.560924
v -1.7269576 -0.69060051 16.911747
v -1.3445503 2.7029705 7.7546277
v -1.3445503 2.7029705 7.800899
v -1.3445493 1.0311241 7.7546277
v -1.3445493 1.0311241 7.800899
v -1.2925534 2.5818114 7.4730144
v -1.2925534 2.5818114 7.7645221
v -1.2925534 2.6241302 7.4730144
v -1.2925534 2.6241302 7.7645221
v -1.2925532 1.1099648 7.4730144
v -1.2925532 1.1099648 7.7645221
v -1.2925529 1.1522837 7.4730144
v -1.2925529 1.1522837 7.7645221
v -1.2770399 2.7029729 15.109298
v -1.2770398 2.4774463 14.962456
v -1.2770398 2.4774463 16.778128
v -1.2770398 2.7029729 14.962456
v -1.2770398 2.7029729 16.778128
v -1.2567379 2.581811 7.4730144
v -1.2567379 2.581811 7.7645221
v -1.2567377 2.6241302 7.4730144
v -1.2567377 2.6241302 7.7645221
v -1.2567374 1.1099644 7.4730144
v -1.2567374 1.1099644 7.7645221
v -1.2567371 1.1522837 7.4730144
v -1.2567371 1.1522837 7.7645221
v -1.2029718 -0.8014183 4.7546272
v -1.2029718 -0.8014183 4.8008976
v -1.2029717 -2.7029722 4.7546272
v -1.2029717 -2.7029722 4.8008976
v -1.1522913 -0.9567306 5.0730143
v -1.1522913 -0.9567306 5.364522
v -1.1522911 -0.99254632 5.0730143
v -1.1522911 -0.99254632 5.364522
v -1.1522892 -0.65673065 5.3730154
v -1.1522892 -0.65673065 5.6645231
v -1.1522889 -0.69254613 5.3730154
v -1.1522889 -0.69254613 5.6645231
v -1.152287 -0.39254642 5.6730146
v -1.152287 -0.39254642 5.9645224
v -1.152287 -0.3567307 5.6730146
v -1.152287 -0.3567307 5.9645224
v -1.1522849 -0.092546463 5.9730148
v -1.1522849 -0.092546463 6.2645226
v -1.1522847 -0.056730986 5.9730148
v -1.1522847 -0.056730986 6.2645226
v -1.1522827 0.20745277 6.2730141
v -1.1522827 0.20745277 6.5645218
v -1.1522822 0.24326849 6.2730141
v -1.1522822 0.24326849 6.5645218
v -1.1522806 0.50745296 6.5730143
v -1.1522806 0.50745296 6.8645229
v -1.1522801 0.54326868 6.5730143
v -1.1522801 0.54326868 6.8645229
v -1.1522783 0.8074522 6.8730145
v -1.1522783 0.8074522 7.1645222
v -1.1522779 0.84326839 6.8730145
v -1.1522779 0.84326839 7.1645222
v -1.1522758 1.1074529 7.1730151
v -1.1522758 1.1074529 7.4645228
v -1.1522758 1.1432676 7.1730151
v -1.1522758 1.1432676 7.4645228
v -1.1432626 -2.6241317 4.773015
v -1.1432626 -2.6241317 5.0645227
v -1.143262 -2.5818129 4.773015
v -1.143262 -2.5818129 5.0645227
v -1.1432619 -0.9225781 4.773015
v -1.1432619 -0.9225781 5.0645227
v -1.1432619 -0.88025904 4.773015
v -1.1432619 -0.88025904 5.0645227
v -1.1099722 -0.99254632 5.0730143
v -1.1099722 -0.99254632 5.364522
v -1.1099721 -0.95673132 5.0730143
v -1.1099721 -0.95673132 5.364522
v -1.1099701 -0.69254684 5.3730154
v -1.1099701 -0.69254684 5.6645231
v -1.10997 -0.65673089 5.3730154
v -1.10997 -0.65673089 5.6645231
v -1.1099679 -0.39254642 5.6730146
v -1.1099679 -0.39254642 5.9645224
v -1.1099678 -0.35673094 5.6730146
v -1.1099678 -0.35673094 5.9645224
v -1.1099657 -0.09254694 5.9730148
v -1.1099657 -0.09254694 6.2645226
v -1.1099656 -0.056731462 5.9730148
v -1.1099656 -0.056731462 6.2645226
v -1.1099635 0.20745325 6.2730141
v -1.1099635 0.20745325 6.5645218
v -1.1099632 0.24326801 6.2730141
v -1.1099632 0.24326801 6.5645218
v -1.1099614 0.50745249 6.5730143
v -1.1099614 0.50745249 6.8645229
v -1.1099613 0.54326868 6.5730143
v -1.1099613 0.54326868 6.8645229
v -1.1099591 0.80745268 6.8730145
v -1.1099591 0.80745268 7.1645222
v -1.1099591 0.84326839 6.8730145
v -1.1099591 0.84326839 7.1645222
v -1.1099569 1.1432681 7.1730151
v -1.1099569 1.1432681 7.4645228
v -1.1099567 1.1074524 7.1730151
v -1.1099567 1.1074524 7.4645228
v -1.107447 -2.6241319 4.773015
v -1.107447 -2.6241319 5.0645227
v -1.1074466 -2.5818129 4.773015
v -1.1074466 -2.5818129 5.0645227
v -1.1074464 -0.92257762 4.773015
v -1.1074464 -0.92257762 5.0645227
v -1.1074464 -0.88025856 4.773015
v -1.1074464 -0.88025856 5.0645227
v -1.0554498 -0.8014183 5.0546284
v -1.0554498 -0.8014183 5.1008987
v -1.0554497 -2.7029719 5.0546284
v -1.0554497 -2.7029719 5.1008987
v -1.0445503 2.70297 8.0546284
v -1.0445503 2.70297 8.1008987
v -1.0445492 1.0311241 8.0546284
v -1.0445492 1.0311241 8.1008987
v -1.0350201 -1.0350201 20.976746
v -1.0350201 1.0350201 20.976746
v -1.0311322 -1.0445437 5.3546276
v -1.0311322 -1.0445437 5.4008999
v -1.0311303 -0.74454427 5.6546288
v -1.0311303 -0.74454427 5.7009001
v -1.031129 -0.59702229 5.3546276
v -1.031129 -0.59702229 5.4008999
v -1.031128 -0.44454384 5.9546289
v -1.031128 -0.44454384 6.0008993
v -1.0311267 -0.29702187 5.6546288
v -1.0311267 -0.29702187 5.7009001
v -1.0311251 -0.14454389 6.2546282
v -1.0311251 -0.14454389 6.3008995
v -1.0311246 0.0029778481 5.9546289
v -1.0311246 0.0029778481 6.0008993
v -1.0311235 0.15545559 6.5546284
v -1.0311235 0.15545559 6.6008987
v -1.0311219 0.30297756 6.2546282
v -1.0311219 0.30297756 6.3008995
v -1.0311213 0.4554553 6.8546286
v -1.0311213 0.4554553 6.9008989
v -1.0311199 0.60297728 6.5546284
v -1.0311199 0.60297728 6.6008987
v -1.0311191 0.75545597 7.1546283
v -1.0311191 0.75545597 7.2008991
v -1.0311178 0.90297747 6.8546286
v -1.0311178 0.90297747 6.9008989
v -1.031117 1.0554552 7.4546289
v -1.031117 1.0554552 7.5008998
v -1.0311155 1.2029772 7.1546283
v -1.0311155 1.2029772 7.2008991
v -1.0311047 2.7029767 7.4546289
v -1.0311047 2.7029767 7.5008998
v -0.99255317 2.6241302 7.7730145
v -0.99255317 2.6241302 8.0645227
v -0.99255311 2.5818119 7.7730145
v -0.99255311 2.5818119 8.0645227
v -0.99255264 1.1522837 7.7730145
v -0.99255264 1.1522837 8.0645227
v -0.99255234 1.1099648 7.7730145
v -0.99255234 1.1099648 8.0645227
v -0.95673764 2.5818114 7.7730145
v -0.95673764 2.5818114 8.0645227
v -0.9567374 2.6241307 7.7730145
v -0.9567374 2.6241307 8.0645227
v -0.95673716 1.1522837 7.7730145
v -0.95673716 1.1522837 8.0645227
v -0.9567371 1.1099648 7.7730145
v -0.9567371 1.1099648 8.0645227
v -0.9029718 -0.8014183 4.454628
v -0.9029718 -0.8014183 4.5008984
v -0.90297174 -2.7029722 4.454628
v -0.90297174 -2.7029722 4.5008984
v -0.8970288 2.702971 7.7546277
v -0.8970288 2.702971 7.800899
v -0.89702749 1.0311241 7.7546277
v -0.89702749 1.0311241 7.800899
v -0.84326255 -2.6241322 4.4730139
v -0.84326255 -2.6241322 4.7645216
v -0.84326208 -2.5818129 4.4730139
v -0.84326208 -2.5818129 4.7645216
v -0.84326196 -0.9225781 4.4730139
v -0.84326196 -0.9225781 4.7645216
v -0.84326196 -0.88025904 4.4730139
v -0.84326196 -0.88025904 4.7645216
v -0.80744708 -2.6241322 4.4730139
v -0.80744708 -2.6241322 4.7645216
v -0.80744684 -2.5818131 4.4730139
v -0.80744684 -2.5818131 4.7645216
v -0.80744672 -0.8802588 4.4730139
v -0.80744672 -0.8802588 4.7645216
v -0.80744642 -0.92257786 4.4730139
v -0.80744642 -0.92257786 4.7645216
v -0.75544983 -0.8014183 4.7546272
v -0.75544983 -0.8014183 4.8008976
v -0.75544971 -2.7029724 4.7546272
v -0.75544971 -2.7029724 4.8008976
v -0.74455029 2.7029705 8.3546276
v -0.74455029 2.7029705 8.4008999
v -0.74454957 1.0311241 8.3546276
v -0.74454957 1.0311241 8.4008999
v -0.6925534 2.5818119 8.0730152
v -0.6925534 2.5818119 8.3645229
v -0.69255292 2.6241312 8.0730152
v -0.69255292 2.6241312 8.3645229
v -0.69255269 1.1522837 8.0730152
v -0.69255269 1.1522837 8.3645229
v -0.69255263 1.1099648 8.0730152
v -0.69255263 1.1099648 8.3645229
v -0.65673792 2.5818114 8.0730152
v -0.65673792 2.5818114 8.3645229
v -0.65673745 2.6241307 8.0730152
v -0.65673745 2.6241307 8.3645229
v -0.65673709 1.1099648 8.0730152
v -0.65673709 1.1099648 8.3645229
v -0.65673685 1.1522841 8.0730152
v -0.65673685 1.1522841 8.3645229
v -0.60297203 -2.7029719 4.1546278
v -0.60297203 -2.7029719 4.2008982
v -0.60297155 -0.80141854 4.1546278
v -0.60297155 -0.80141854 4.2008982
v -0.59702849 2.702971 8.0546284
v -0.59702849 2.702971 8.1008987
v -0.59702724 1.0311236 8.0546284
v -0.59702724 1.0311236 8.1008987
v -0.5432626 -2.6241322 4.1730146
v -0.5432626 -2.6241322 4.4645224
v -0.54326236 -2.5818129 4.1730146
v -0.54326236 -2.5818129 4.4645224
v -0.54326224 -0.88025904 4.1730146
v -0.54326224 -0.88025904 4.4645224
v -0.54326195 -0.9225781 4.1730146
v -0.54326195 -0.9225781 4.4645224
v -0.50744736 -2.6241319 4.1730146
v -0.50744736 -2.6241319 4.4645224
v -0.50744683 -2.5818129 4.1730146
v -0.50744683 -2.5818129 4.4645224
v -0.50744677 -0.8802588 4.1730146
v -0.50744677 -0.8802588 4.4645224
v -0.50744671 -0.92257786 4.1730146
v -0.50744671 -0.92257786 4.4645224
v -0.45544982 -0.8014183 4.454628
v -0.45544982 -0.8014183 4.5008984
v -0.4554497 -2.7029719 4.454628
v -0.4554497 -2.7029719 4.5008984
v -0.44455028 2.7029705 8.6546288
v -0.44455028 2.7029705 8.7008991
v -0.44454929 1.0311241 8.6546288
v -0.44454929 1.0311241 8.7008991
v -0.39255345 2.5818114 8.3730145
v -0.39255345 2.5818114 8.6645222
v -0.39255294 2.6241302 8.3730145
v -0.39255294 2.6241302 8.6645222
v -0.39255264 1.1099648 8.3730145
v -0.39255264 1.1099648 8.6645222
v -0.39255241 1.1522832 8.3730145
v -0.39255241 1.1522832 8.6645222
v -0.35673764 2.5818124 8.3730145
v -0.35673764 2.5818124 8.6645222
v -0.35673743 2.6241307 8.3730145
v -0.35673743 2.6241307 8.6645222
v -0.35673717 1.1522837 8.3730145
v -0.35673717 1.1522837 8.6645222
v -0.35673711 1.1099648 8.3730145
v -0.35673711 1.1099648 8.6645222
v -0.30297214 -0.8014183 3.8546267
v -0.30297214 -0.8014183 3.900898
v -0.30297208 -2.7029722 3.8546267
v -0.30297208 -2.7029722 3.900898
v -0.29702854 2.702971 8.3546276
v -0.29702854 2.702971 8.4008999
v -0.29702783 1.0311241 8.3546276
v -0.29702783 1.0311241 8.4008999
v -0.24326289 -2.6241322 3.8730135
v -0.24326289 -2.6241322 4.1645212
v -0.24326241 -2.5818129 3.8730135
v -0.24326241 -2.5818129 4.1645212
v -0.24326229 -0.8802588 3.8730135
v -0.24326229 -0.8802588 4.1645212
v -0.24326223 -0.92257786 3.8730135
v -0.24326223 -0.92257786 4.1645212
v -0.20744711 -2.6241319 3.8730135
v -0.20744711 -2.6241319 4.1645212
v -0.20744687 -2.5818129 3.8730135
v -0.20744687 -2.5818129 4.1645212
v -0.20744675 -0.8802588 3.8730135
v -0.20744675 -0.8802588 4.1645212
v -0.20744669 -0.92257786 3.8730135
v -0.20744669 -0.92257786 4.1645212
v -0.15545005 -2.7029719 4.1546278
v -0.15545005 -2.7029719 4.2008982
v -0.15544981 -0.8014183 4.1546278
v -0.15544981 -0.8014183 4.2008982
v -0.14455032 2.7029705 8.954628
v -0.14455032 2.7029705 9.0008984
v -0.14454961 1.0311241 8.954628
v -0.14454961 1.0311241 9.0008984
v -0.092553496 2.6241302 8.6730146
v -0.092553496 2.6241302 8.9645224
v -0.092553437 2.5818114 8.6730146
v -0.092553437 2.5818114 8.9645224
v -0.092553139 1.1099648 8.6730146
v -0.092553139 1.1099648 8.9645224
v -0.09255296 1.1522837 8.6730146
v -0.09255296 1.1522837 8.9645224
v -0.056737959 2.5818124 8.6730146
v -0.056737959 2.5818124 8.9645224
v -0.056737959 2.6241307 8.6730146
v -0.056737959 2.6241307 8.9645224
v -0.056737661 1.1099648 8.6730146
v -0.056737661 1.1099648 8.9645224
v -0.056737483 1.1522841 8.6730146
v -0.056737483 1.1522841 8.9645224
v -0.0029726624 -2.702981 14.053061
v -0.0029726624 -2.702981 14.099332
v -0.0029720664 -2.7029722 3.5546274
v -0.0029720664 -2.7029722 3.6008987
v -0.0029718876 -0.80141854 3.5546274
v -0.0029718876 -0.80141854 3.6008987
v -0.0029422641 -1.0311341 14.053061
v -0.0029422641 -1.0311341 14.099332
v 0.0029714704 2.7029705 8.6546288
v 0.0029714704 2.7029705 8.7008991
v 0.002972126 1.0311241 8.6546288
v 0.002972126 1.0311241 8.7008991
v 0.047552466 2.4774463 14.962456
v 0.047552466 2.4774463 16.778128
v 0.047552466 2.7029729 14.962456
v 0.047552466 2.7029729 16.778128
v 0.047552604 2.7029729 16.433889
v 0.056737304 -2.5818129 3.5730143
v 0.056737304 -2.5818129 3.864522
v 0.056737363 -2.6241322 3.5730143
v 0.056737363 -2.6241322 3.864522
v 0.056737721 -0.8802588 3.5730143
v 0.056737721 -0.8802588 3.864522
v 0.056737781 -0.92257786 3.5730143
v 0.056737781 -0.92257786 3.864522
v 0.056765139 -2.5961657 14.071447
v 0.056765139 -2.5961657 14.362955
v 0.056765139 -1.1522946 14.071447
v 0.056765139 -1.1522946 14.362955
v 0.056765914 -2.5538466 14.071447
v 0.056765914 -2.5538466 14.362955
v 0.056765914 -1.1099758 14.071447
v 0.056765914 -1.1099758 14.362955
v 0.092552602 -2.6241317 3.5730143
v 0.092552602 -2.6241317 3.864522
v 0.092552841 -2.5818129 3.5730143
v 0.092552841 -2.5818129 3.864522
v 0.092553258 -0.92257786 3.5730143
v 0.092553258 -0.92257786 3.864522
v 0.092553258 -0.8802588 3.5730143
v 0.092553258 -0.8802588 3.864522
v 0.092580676 -2.5961661 14.071447
v 0.092580676 -2.5961661 14.362955
v 0.092580676 -1.1522954 14.071447
v 0.092580676 -1.1522954 14.362955
v 0.092581451 -2.5538473 14.071447
v 0.092581451 -2.5538473 14.362955
v 0.092581451 -1.1099765 14.071447
v 0.092581451 -1.1099765 14.362955
v 0.14454991 -0.8014183 3.8546267
v 0.14454991 -0.8014183 3.900898
v 0.14454997 -2.7029719 3.8546267
v 0.14454997 -2.7029719 3.900898
v 0.15544945 2.7029705 9.2546272
v 0.15544945 2.7029705 9.3008995
v 0.15545011 1.0311246 9.2546272
v 0.15545011 1.0311246 9.3008995
v 0.15785924 -2.5961659 14.699332
v 0.15785924 -2.5961657 14.325526
v 0.15785924 -1.1099758 14.325526
v 0.15785924 -1.1099758 14.699332
v 0.20744646 2.6241307 8.9730148
v 0.20744646 2.6241307 9.2645226
v 0.20744658 2.5818119 8.9730148
v 0.20744658 2.5818119 9.2645226
v 0.20744681 1.1099653 8.9730148
v 0.20744681 1.1099653 9.2645226
v 0.20744705 1.1522846 8.9730148
v 0.20744705 1.1522846 9.2645226
v 0.24326181 2.5818114 8.9730148
v 0.24326181 2.5818114 9.2645226
v 0.24326193 2.6241307 8.9730148
v 0.24326193 2.6241307 9.2645226
v 0.24326205 1.1099653 8.9730148
v 0.24326205 1.1099653 9.2645226
v 0.24326253 1.1522841 8.9730148
v 0.24326253 1.1522841 9.2645226
v 0.29702735 -2.7029862 13.753061
v 0.29702735 -2.7029862 13.799333
v 0.29702806 -0.80141854 3.2546272
v 0.29702806 -0.80141854 3.3008995
v 0.29702818 -2.7029719 3.2546272
v 0.29702818 -2.7029719 3.3008995
v 0.29705763 -1.0311396 13.753061
v 0.29705763 -1.0311396 13.799333
v 0.30297112 2.702971 8.954628
v 0.30297112 2.702971 9.0008984
v 0.30297208 1.0311251 8.954628
v 0.30297208 1.0311251 9.0008984
v 0.35673726 -2.6241319 3.273015
v 0.35673726 -2.6241319 3.5645227
v 0.35673726 -2.5818129 3.273015
v 0.35673726 -2.5818129 3.5645227
v 0.35673749 -0.8802588 3.273015
v 0.35673749 -0.8802588 3.5645227
v 0.35673761 -0.92257786 3.273015
v 0.35673761 -0.92257786 3.5645227
v 0.35676491 -2.5961709 13.771446
v 0.35676491 -2.5961709 14.062954
v 0.35676491 -1.1523001 13.771448
v 0.35676491 -1.1523001 14.062956
v 0.35676563 -1.1099813 13.771448
v 0.35676563 -1.1099813 14.062956
v 0.35676575 -2.5538518 13.771446
v 0.35676575 -2.5538518 14.062954
v 0.39255285 -2.6241319 3.273015
v 0.39255285 -2.6241319 3.5645227
v 0.39255285 -2.5818129 3.273015
v 0.39255285 -2.5818129 3.5645227
v 0.39255285 -0.8802588 3.273015
v 0.39255285 -0.8802588 3.5645227
v 0.39255297 -0.92257786 3.273015
v 0.39255297 -0.92257786 3.5645227
v 0.39258039 -2.5961714 13.771446
v 0.39258039 -2.5961714 14.062954
v 0.39258039 -1.1523008 13.771448
v 0.39258039 -1.1523008 14.062956
v 0.39258111 -1.109982 13.771448
v 0.39258111 -1.109982 14.062956
v 0.39258122 -2.5538526 13.771446
v 0.39258122 -2.5538526 14.062954
v 0.44454896 -2.7029891 14.053061
v 0.44454896 -2.7029891 14.099332
v 0.44454968 -2.7029722 3.5546274
v 0.44454968 -2.7029722 3.6008987
v 0.44454968 -0.8014183 3.5546274
v 0.44454968 -0.8014183 3.6008987
v 0.44457936 -1.0311422 14.053061
v 0.44457936 -1.0311422 14.099332
v 0.4554491 2.7029715 9.5546284
v 0.4554491 2.7029715 9.6008987
v 0.45544982 1.0311246 9.5546284
v 0.45544982 1.0311246 9.6008987
v 0.50744629 2.5818119 9.2730141
v 0.50744629 2.5818119 9.5645218
v 0.50744641 2.6241312 9.2730141
v 0.50744641 2.6241312 9.5645218
v 0.50744653 1.1099648 9.2730141
v 0.50744653 1.1099648 9.5645218
v 0.50744677 1.1522837 9.2730141
v 0.50744677 1.1522837 9.5645218
v 0.54326177 2.6241307 9.2730141
v 0.54326177 2.6241307 9.5645218
v 0.54326189 2.5818114 9.2730141
v 0.54326189 2.5818114 9.5645218
v 0.54326212 1.1099648 9.2730141
v 0.54326212 1.1099648 9.5645218
v 0.54326212 1.1522841 9.2730141
v 0.54326212 1.1522841 9.5645218
v 0.59702694 -2.7029917 13.453061
v 0.59702694 -2.7029917 13.499332
v 0.59702778 -2.7029719 2.954627
v 0.59702778 -2.7029719 3.0008984
v 0.59702778 -0.80141854 2.954627
v 0.59702778 -0.80141854 3.0008984
v 0.59705734 -1.0311451 13.453061
v 0.59705734 -1.0311451 13.499332
v 0.60297108 2.702971 9.2546272
v 0.60297108 2.702971 9.3008995
v 0.60297155 1.0311251 9.2546272
v 0.60297155 1.0311251 9.3008995
v 0.65673709 -2.5818129 2.9730148
v 0.65673709 -2.5818129 3.2645226
v 0.65673721 -2.6241319 2.9730148
v 0.65673721 -2.6241319 3.2645226
v 0.65673733 -0.8802588 2.9730148
v 0.65673733 -0.8802588 3.2645226
v 0.65673745 -0.92257786 2.9730148
v 0.65673745 -0.92257786 3.2645226
v 0.65676475 -2.5961766 13.471448
v 0.65676475 -2.5961766 13.762956
v 0.65676486 -1.1523056 13.471448
v 0.65676486 -1.1523056 13.762956
v 0.65676558 -2.5538573 13.471448
v 0.65676558 -2.5538573 13.762956
v 0.65676558 -1.1099868 13.471448
v 0.65676558 -1.1099868 13.762956
v 0.69255269 -2.5818131 2.9730148
v 0.69255269 -2.5818131 3.2645226
v 0.69255292 -2.6241322 2.9730148
v 0.69255292 -2.6241322 3.2645226
v 0.69255292 -0.92257786 2.9730148
v 0.69255292 -0.92257786 3.2645226
v 0.69255292 -0.8802588 2.9730148
v 0.69255292 -0.8802588 3.2645226
v 0.69258022 -2.5961771 13.471448
v 0.69258022 -2.5961771 13.762956
v 0.69258034 -1.1523063 13.471448
v 0.69258034 -1.1523063 13.762956
v 0.69258106 -2.5538583 13.471448
v 0.69258106 -2.5538583 13.762956
v 0.69258106 -1.1099875 13.471448
v 0.69258106 -1.1099875 13.762956
v 0.74454904 -2.7029943 13.753061
v 0.74454904 -2.7029943 13.799333
v 0.74454963 -0.8014183 3.2546272
v 0.74454963 -0.8014183 3.3008995
v 0.74454975 -2.7029719 3.2546272
v 0.74454975 -2.7029719 3.3008995
v 0.74457943 -1.0311477 13.753061
v 0.74457943 -1.0311477 13.799333
v 0.75544906 2.7029724 9.8546276
v 0.75544906 2.7029724 9.9008989
v 0.75544977 1.0311251 9.8546276
v 0.75544977 1.0311251 9.9008989
v 0.80744612 2.6241307 9.5730143
v 0.80744612 2.6241307 9.864522
v 0.80744636 2.5818119 9.5730143
v 0.80744636 2.5818119 9.864522
v 0.80744648 1.1099653 9.5730143
v 0.80744648 1.1099653 9.864522
v 0.80744648 1.1522846 9.5730143
v 0.80744648 1.1522846 9.864522
v 0.8432616 2.6241312 9.5730143
v 0.8432616 2.6241312 9.864522
v 0.84326184 1.1099653 9.5730143
v 0.84326184 1.1099653 9.864522
v 0.84326196 1.1522841 9.5730143
v 0.84326196 1.1522841 9.864522
v 0.84326196 2.5818124 9.5730143
v 0.84326196 2.5818124 9.864522
v 0.89702725 -2.7029972 13.153061
v 0.89702725 -2.7029972 13.199331
v 0.89702797 -2.7029719 2.6546268
v 0.89702797 -2.7029719 2.7008982
v 0.89702797 -0.8014183 2.6546268
v 0.89702797 -0.8014183 2.7008982
v 0.89705765 -1.0311503 13.153061
v 0.89705765 -1.0311503 13.199331
v 0.90297079 2.702971 9.5546284
v 0.90297079 2.702971 9.6008987
v 0.90297174 1.0311251 9.5546284
v 0.90297174 1.0311251 9.6008987
v 0.95673716 -2.6241319 2.6730146
v 0.95673716 -2.6241319 2.9645224
v 0.95673728 -2.5818129 2.6730146
v 0.95673728 -2.5818129 2.9645224
v 0.95673728 -0.92257786 2.6730146
v 0.95673728 -0.92257786 2.9645224
v 0.9567374 -0.8802588 2.6730146
v 0.9567374 -0.8802588 2.9645224
v 0.9567647 -2.5961819 13.171448
v 0.9567647 -2.5961819 13.462955
v 0.95676482 -1.1523111 13.171448
v 0.95676482 -1.1523111 13.462955
v 0.95676553 -2.553863 13.171448
v 0.95676553 -2.553863 13.462955
v 0.95676553 -1.1099923 13.171448
v 0.95676553 -1.1099923 13.462955
v 0.99255264 -2.5818129 2.6730146
v 0.99255264 -2.5818129 2.9645224
v 0.99255276 -2.6241317 2.6730146
v 0.99255276 -2.6241317 2.9645224
v 0.99255288 -0.8802588 2.6730146
v 0.99255288 -0.8802588 2.9645224
v 0.992553 -0.92257786 2.6730146
v 0.992553 -0.92257786 2.9645224
v 0.99258029 -2.5961828 13.171448
v 0.99258029 -2.5961828 13.462955
v 0.99258041 -1.1523118 13.171448
v 0.99258041 -1.1523118 13.462955
v 0.99258113 -2.5538635 13.171448
v 0.99258113 -2.5538635 13.462955
v 0.99258113 -1.109993 13.171448
v 0.99258113 -1.109993 13.462955
v 1.0310925 -2.702949 12.85465
v 1.0310925 -2.702949 12.900921
v 1.0311134 -1.2029488 12.554649
v 1.0311134 -1.2029488 12.600921
v 1.0311153 -1.0554268 12.85465
v 1.0311153 -1.0554268 12.900921
v 1.0311176 -0.90294909 12.25465
v 1.0311176 -0.90294909 12.30092
v 1.0311196 -0.75542688 12.554649
v 1.0311196 -0.75542688 12.600921
v 1.0311217 -0.60294914 11.954649
v 1.0311217 -0.60294914 12.00092
v 1.0311236 -0.45542717 12.25465
v 1.0311236 -0.45542717 12.30092
v 1.0311258 -0.30294919 11.65465
v 1.0311258 -0.30294919 11.70092
v 1.0311278 -0.15542746 11.954649
v 1.0311278 -0.15542746 12.00092
v 1.0311298 -0.0029492378 11.35465
v 1.0311298 -0.0029492378 11.400921
v 1.0311319 0.14457226 11.65465
v 1.0311319 0.14457226 11.70092
v 1.031134 0.29705048 11.054649
v 1.031134 0.29705048 11.100922
v 1.0311362 0.44457245 11.35465
v 1.0311362 0.44457245 11.400921
v 1.0311382 0.59705067 10.754649
v 1.0311382 0.59705067 10.80092
v 1.0311402 0.74457216 11.054649
v 1.0311402 0.74457216 11.100922
v 1.0311424 0.89705086 10.454649
v 1.0311424 0.89705086 10.50092
v 1.0311443 1.0445724 10.754649
v 1.0311443 1.0445724 10.80092
v 1.0311484 1.3445725 10.454649
v 1.0311484 1.3445725 10.50092
v 1.0350201 -1.0350201 20.976746
v 1.0350201 1.0350201 20.976746
v 1.044549 -2.7029998 13.453061
v 1.044549 -2.7029998 13.499332
v 1.0445497 -2.7029719 2.954627
v 1.0445497 -2.7029719 3.0008984
v 1.0445497 -0.80141854 2.954627
v 1.0445497 -0.80141854 3.0008984
v 1.0445794 -1.0311532 13.453061
v 1.0445794 -1.0311532 13.499332
v 1.0554489 2.7029705 10.154629
v 1.0554489 2.7029705 10.200899
v 1.0554497 1.0311246 10.154629
v 1.0554497 1.0311246 10.200899
v 1.107446 2.6241317 9.8730145
v 1.107446 2.6241317 10.164523
v 1.1074461 2.5818129 9.8730145
v 1.1074461 2.5818129 10.164523
v 1.1074462 1.1099653 9.8730145
v 1.1074462 1.1099653 10.164523
v 1.1074462 1.1522846 9.8730145
v 1.1074462 1.1522846 10.164523
v 1.1099546 -1.1432402 12.573036
v 1.1099546 -1.1432402 12.864545
v 1.1099552 -1.1074247 12.573036
v 1.1099552 -1.1074247 12.864545
v 1.1099589 -0.84324026 12.273036
v 1.1099589 -0.84324026 12.564544
v 1.1099594 -0.80742478 12.273036
v 1.1099594 -0.80742478 12.564544
v 1.1099629 -0.54324031 11.973036
v 1.1099629 -0.54324031 12.264544
v 1.1099634 -0.50742483 11.973036
v 1.1099634 -0.50742483 12.264544
v 1.1099671 -0.24324059 11.673036
v 1.1099671 -0.24324059 11.964543
v 1.1099676 -0.20742512 11.673036
v 1.1099676 -0.20742512 11.964543
v 1.1099712 0.056759357 11.373035
v 1.1099712 0.056759357 11.664544
v 1.1099716 0.092575073 11.373035
v 1.1099716 0.092575073 11.664544
v 1.1099752 0.35675907 11.073036
v 1.1099752 0.35675907 11.364544
v 1.1099758 0.39257479 11.073036
v 1.1099758 0.39257479 11.364544
v 1.1099795 0.65675926 10.773037
v 1.1099795 0.65675926 11.064545
v 1.1099801 0.6925745 10.773037
v 1.1099801 0.6925745 11.064545
v 1.1099836 0.95675898 10.473036
v 1.1099836 0.95675898 10.764544
v 1.109984 0.99257469 10.473036
v 1.109984 0.99257469 10.764544
v 1.1099876 1.2567596 10.173037
v 1.1099876 1.2567596 10.464544
v 1.1099881 1.2925749 10.173037
v 1.1099881 1.2925749 10.464544
v 1.1432616 2.6241312 9.8730145
v 1.1432616 2.6241312 10.164523
v 1.1432617 1.1099658 9.8730145
v 1.1432617 1.1099658 10.164523
v 1.1432617 1.1522846 9.8730145
v 1.1432617 1.1522846 10.164523
v 1.1432617 2.5818129 9.8730145
v 1.1432617 2.5818129 10.164523
v 1.1522737 -1.1432405 12.573036
v 1.1522737 -1.1432405 12.864545
v 1.1522743 -1.107425 12.573036
v 1.1522743 -1.107425 12.864545
v 1.1522778 -0.84324098 12.273036
v 1.1522778 -0.84324098 12.564544
v 1.1522783 -0.8074255 12.273036
v 1.1522783 -0.8074255 12.564544
v 1.152282 -0.54324102 11.973036
v 1.152282 -0.54324102 12.264544
v 1.1522825 -0.50742555 11.973036
v 1.1522825 -0.50742555 12.264544
v 1.1522862 -0.24324107 11.673036
v 1.1522862 -0.24324107 11.964543
v 1.1522865 -0.20742559 11.673036
v 1.1522865 -0.20742559 11.964543
v 1.1522901 0.056758881 11.373035
v 1.1522901 0.056758881 11.664544
v 1.1522907 0.092574596 11.373035
v 1.1522907 0.092574596 11.664544
v 1.1522943 0.35675859 11.073036
v 1.1522943 0.35675859 11.364544
v 1.1522949 0.39257431 11.073036
v 1.1522949 0.39257431 11.364544
v 1.1522985 0.65675879 10.773037
v 1.1522985 0.65675879 11.064545
v 1.152299 0.6925745 10.773037
v 1.152299 0.6925745 11.064545
v 1.1523026 0.95675898 10.473036
v 1.1523026 0.95675898 10.764544
v 1.1523031 0.99257421 10.473036
v 1.1523031 0.99257421 10.764544
v 1.1523066 1.2567592 10.173037
v 1.1523066 1.2567592 10.464544
v 1.152307 1.2925744 10.173037
v 1.152307 1.2925744 10.464544
v 1.1970277 -2.7029722 2.3546267
v 1.1970277 -2.7029722 2.4008989
v 1.1970277 -0.8014183 2.3546267
v 1.1970277 -0.8014183 2.4008989
v 1.2029707 2.7029719 9.8546276
v 1.2029707 2.7029719 9.9008989
v 1.2029715 1.0311251 9.8546276
v 1.2029715 1.0311251 9.9008989
v 1.2567372 -2.5818129 2.3730135
v 1.2567372 -2.5818129 2.6645222
v 1.2567372 -0.92257786 2.3730135
v 1.2567372 -0.92257786 2.6645222
v 1.2567375 -2.6241317 2.3730135
v 1.2567375 -2.6241317 2.6645222
v 1.2567375 -0.8802588 2.3730135
v 1.2567375 -0.8802588 2.6645222
v 1.2567651 -2.5961876 12.871447
v 1.2567651 -2.5961876 13.162955
v 1.2567651 -1.1523166 12.871447
v 1.2567651 -1.1523166 13.162955
v 1.2567658 -2.5538683 12.871447
v 1.2567658 -2.5538683 13.162955
v 1.2567658 -1.1099977 12.871447
v 1.2567658 -1.1099977 13.162955
v 1.2925527 -2.5818129 2.3730135
v 1.2925527 -2.5818129 2.6645222
v 1.2925529 -2.6241317 2.3730135
v 1.2925529 -2.6241317 2.6645222
v 1.2925529 -0.92257786 2.3730135
v 1.2925529 -0.92257786 2.6645222
v 1.2925532 -0.8802588 2.3730135
v 1.2925532 -0.8802588 2.6645222
v 1.2925806 -2.5961881 12.871447
v 1.2925806 -2.5961881 13.162955
v 1.2925806 -1.1523173 12.871447
v 1.2925806 -1.1523173 13.162955
v 1.2925813 -2.553869 12.871447
v 1.2925813 -2.553869 13.162955
v 1.2925813 -1.1099985 12.871447
v 1.2925813 -1.1099985 13.162955
v 1.3445492 -2.7030053 13.153061
v 1.3445492 -2.7030053 13.199331
v 1.3445497 -0.80141854 2.6546268
v 1.3445497 -0.80141854 2.7008982
v 1.3445499 -2.7029719 2.6546268
v 1.3445499 -2.7029719 2.7008982
v 1.3445795 -1.0311587 13.153061
v 1.3445795 -1.0311587 13.199331
v 1.4970279 -0.8014183 2.0546274
v 1.4970279 -0.8014183 2.1008987
v 1.4970281 -2.7029722 2.0546274
v 1.4970281 -2.7029722 2.1008987
v 1.5567369 -2.6241322 2.0730133
v 1.5567369 -2.6241322 2.364521
v 1.5567369 -0.92257786 2.0730133
v 1.5567369 -0.92257786 2.364521
v 1.5567372 -2.5818129 2.0730133
v 1.5567372 -2.5818129 2.364521
v 1.5567372 -0.8802588 2.0730133
v 1.5567372 -0.8802588 2.364521
v 1.5925527 -2.6241319 2.0730133
v 1.5925527 -2.6241319 2.364521
v 1.5925527 -2.5818129 2.0730133
v 1.5925527 -2.5818129 2.364521
v 1.5925527 -0.92257786 2.0730133
v 1.5925527 -0.92257786 2.364521
v 1.5925527 -0.8802588 2.0730133
v 1.5925527 -0.8802588 2.364521
v 1.6445494 -2.7029719 2.3546267
v 1.6445494 -2.7029719 2.4008989
v 1.6445494 -0.80141854 2.3546267
v 1.6445494 -0.80141854 2.4008989
v 1.6996052 -0.91612709 15.560924
v 1.6996052 -0.91612709 16.911747
v 1.6996052 -0.69060075 15.560924
v 1.6996052 -0.69060075 16.911747
v 1.7970278 -0.8014183 1.7546272
v 1.7970278 -0.8014183 1.8008986
v 1.7970281 -2.7029719 1.7546272
v 1.7970281 -2.7029719 1.8008986
v 1.8567371 -2.6241319 1.7730131
v 1.8567371 -2.6241319 2.0645208
v 1.8567371 -2.5818131 1.7730131
v 1.8567371 -2.5818131 2.0645208
v 1.8567374 -0.92257786 1.7730131
v 1.8567374 -0.92257786 2.0645208
v 1.8567374 -0.8802588 1.7730131
v 1.8567374 -0.8802588 2.0645208
v 1.8925526 -2.6241319 1.7730131
v 1.8925526 -2.6241319 2.0645208
v 1.8925529 -2.5818129 1.7730131
v 1.8925529 -2.5818129 2.0645208
v 1.8925529 -0.92257786 1.7730131
v 1.8925529 -0.92257786 2.0645208
v 1.8925533 -0.8802588 1.7730131
v 1.8925533 -0.8802588 2.0645208
v 1.9445493 -2.7029719 2.0546274
v 1.9445493 -2.7029719 2.1008987
v 1.9445493 -0.8014183 2.0546274
v 1.9445493 -0.8014183 2.1008987
v 2.0493922 -0.69060063 14.924856
v 2.0493922 -0.69060063 18.504234
v 2.0493922 -0.36823118 15.560924
v 2.0493922 -0.36823118 16.893269
v 2.0493922 2.1275945 15.560924
v 2.0493922 2.1275945 16.893269
v 2.0493922 2.4774466 14.924856
v 2.0493922 2.4774466 18.504234
v 2.0970275 -2.7029719 1.454628
v 2.0970275 -2.7029719 1.5008993
v 2.0970275 -0.8014183 1.454628
v 2.0970275 -0.8014183 1.5008993
v 2.1567371 -2.5818129 1.4730139
v 2.1567371 -2.5818129 1.7645216
v 2.1567373 -2.6241317 1.4730139
v 2.1567373 -2.6241317 1.7645216
v 2.1567373 -0.9225781 1.4730139
v 2.1567373 -0.9225781 1.7645216
v 2.1567378 -0.88025904 1.4730139
v 2.1567378 -0.88025904 1.7645216
v 2.1578593 -2.5961659 14.699332
v 2.1578593 -2.5961657 14.325526
v 2.1578593 -1.1099758 14.325526
v 2.1578593 -1.1099758 14.699332
v 2.1925526 -2.6241319 1.4730139
v 2.1925526 -2.6241319 1.7645216
v 2.1925526 -2.5818129 1.4730139
v 2.1925526 -2.5818129 1.7645216
v 2.1925528 -0.92257762 1.4730139
v 2.1925528 -0.92257762 1.7645216
v 2.1925533 -0.88025856 1.4730139
v 2.1925533 -0.88025856 1.7645216
v 2.2445495 -0.8014183 1.7546272
v 2.2445495 -0.8014183 1.8008986
v 2.2445498 -2.7029719 1.7546272
v 2.2445498 -2.7029719 1.8008986
v 2.2749183 -0.36823118 15.560924
v 2.2749183 -0.36823118 16.893269
v 2.2749183 2.1275945 15.560924
v 2.2749183 2.1275945 16.893269
v 2.2749186 -0.91612709 14.699332
v 2.2749186 -0.91612709 18.729763
v 2.2749186 2.7029729 14.699332
v 2.2749186 2.7029729 18.729763
v 2.3510184 -3.6489806 0.67043555
v 2.3510184 -3.6489806 1.053875
v 2.3510184 -2.3510184 0.67043555
v 2.3510184 -2.3510184 1.053875
v 2.3510184 2.3510189 0.67043555
v 2.3510184 2.3510189 1.053875
v 2.3510184 3.6489811 0.67043555
v 2.3510184 3.6489811 1.053875
v 2.3970273 -0.8014183 1.1546278
v 2.3970273 -0.8014183 1.2008991
v 2.3970275 -2.7029722 1.1546278
v 2.3970275 -2.7029722 1.2008991
v 2.4567368 -2.6241319 1.1730137
v 2.4567368 -2.6241319 1.4645214
v 2.4567368 -2.5818129 1.1730137
v 2.4567368 -2.5818129 1.4645214
v 2.4567368 -0.9225781 1.1730137
v 2.4567368 -0.9225781 1.4645214
v 2.456737 -0.88025904 1.1730137
v 2.456737 -0.88025904 1.4645214
v 2.4925523 -2.6241319 1.1730137
v 2.4925523 -2.6241319 1.4645214
v 2.4925523 -2.5818129 1.1730137
v 2.4925523 -2.5818129 1.4645214
v 2.4925523 -0.92257786 1.1730137
v 2.4925523 -0.92257786 1.4645214
v 2.4925528 -0.88025856 1.1730137
v 2.4925528 -0.88025856 1.4645214
v 2.544549 -0.8014183 1.454628
v 2.544549 -0.8014183 1.5008993
v 2.5445492 -2.7029719 1.454628
v 2.5445492 -2.7029719 1.5008993
v 2.5966637 -1.14324 12.573036
v 2.5966637 -1.14324 12.864545
v 2.5966642 -1.1074245 12.573036
v 2.5966642 -1.1074245 12.864545
v 2.596668 -0.84324026 12.273036
v 2.596668 -0.84324026 12.564544
v 2.5966685 -0.80742455 12.273036
v 2.5966685 -0.80742455 12.564544
v 2.5966718 -0.54324055 11.973036
v 2.5966718 -0.54324055 12.264544
v 2.5966725 -0.50742507 11.973036
v 2.5966725 -0.50742507 12.264544
v 2.5966761 -0.24324059 11.673036
v 2.5966761 -0.24324059 11.964543
v 2.5966766 -0.20742512 11.673036
v 2.5966766 -0.20742512 11.964543
v 2.5966802 0.056759357 11.373035
v 2.5966802 0.056759357 11.664544
v 2.5966806 0.092574596 11.373035
v 2.5966806 0.092574596 11.664544
v 2.5966969 1.2567592 10.173037
v 2.5966969 1.2567592 10.464544
v 2.5966976 1.2925749 10.173037
v 2.5966976 1.2925749 10.464544
v 2.5983534 0.98077965 10.473296
v 2.5986366 0.97876549 10.764849
v 2.600059 0.93284225 10.473563
v 2.6002631 0.33133364 11.365105
v 2.600472 0.92991018 10.765136
v 2.6005387 0.32937717 11.07364
v 2.6024218 0.35181904 11.365442
v 2.602782 0.34925985 11.073991
v 2.615958 0.55568314 10.776053
v 2.616195 0.55399799 11.067598
v 2.6163526 0.51706123 10.776115
v 2.6166008 0.51529932 11.067662
v 2.638983 -1.1432407 12.573036
v 2.638983 -1.1432407 12.864545
v 2.638983 -1.1074252 12.573036
v 2.638983 -1.1074252 12.864545
v 2.6389871 -0.84324074 12.273036
v 2.6389871 -0.84324074 12.564544
v 2.6389873 -0.80742526 12.273036
v 2.6389873 -0.80742526 12.564544
v 2.6389909 -0.54324079 11.973036
v 2.6389909 -0.54324079 12.264544
v 2.6389914 -0.50742531 11.973036
v 2.6389914 -0.50742531 12.264544
v 2.6389949 -0.24324083 11.673036
v 2.6389949 -0.24324083 11.964543
v 2.6389954 -0.20742536 11.673036
v 2.6389954 -0.20742536 11.964543
v 2.6389992 0.056758881 11.373035
v 2.6389992 0.056758881 11.664544
v 2.6389999 0.092574596 11.373035
v 2.6389999 0.092574596 11.664544
v 2.6390159 1.2567592 10.173037
v 2.6390159 1.2567592 10.464544
v 2.6390164 1.2925744 10.173037
v 2.6390164 1.2925744 10.464544
v 2.6406333 0.98105574 10.473289
v 2.6409135 0.97906685 10.764842
v 2.6423206 0.93324995 10.473555
v 2.6425228 0.33175564 11.365095
v 2.6427295 0.93034554 10.765126
v 2.6427956 0.3298173 11.073629
v 2.6446629 0.35237265 11.36543
v 2.6450202 0.34983397 11.073978
v 2.6580837 0.55705738 10.776023
v 2.6583166 0.55540228 11.067568
v 2.6584706 0.51848745 10.776084
v 2.6587124 0.51676798 11.06763
v 2.6970272 -0.80141854 0.85462761
v 2.6970272 -0.80141854 0.90089798
v 2.6970274 -2.7029719 0.85462761
v 2.6970274 -2.7029719 0.90089798
v 2.7029397 -2.7029719 12.85465
v 2.7029397 -2.7029719 12.900921
v 2.7029603 -1.2029715 12.554649
v 2.7029603 -1.2029715 12.600921
v 2.7029622 -1.0554497 12.85465
v 2.7029622 -1.0554497 12.900921
v 2.7029645 -0.90297174 12.25465
v 2.7029645 -0.90297174 12.30092
v 2.7029665 -0.75544977 12.554649
v 2.7029665 -0.75544977 12.600921
v 2.7029686 -0.60297179 11.954649
v 2.7029686 -0.60297179 12.00092
v 2.7029705 -0.45544982 12.25465
v 2.7029705 -0.45544982 12.30092
v 2.7029705 2.7029715 10.154629
v 2.7029705 2.7029715 10.200899
v 2.7029722 -3.2970278 5.1008992
v 2.7029722 -3.2970278 5.6949544
v 2.7029722 -3.2970276 1.053875
v 2.7029722 -2.7029722 1.053875
v 2.7029722 -2.7029722 18.732643
v 2.7029722 3.2970281 5.6949549
v 2.7029722 3.2970281 10.694955
v 2.7029724 -3.2970278 10.1009
v 2.7029724 -3.2970278 10.694955
v 2.7029724 -3.2970276 18.732643
v 2.7029724 2.7029729 1.053875
v 2.7029724 2.7029729 18.732641
v 2.7029724 3.2970281 1.053875
v 2.7029724 3.2970281 5.1008992
v 2.7029724 3.2970281 10.1009
v 2.7029724 3.2970281 18.732643
v 2.7029727 -0.30297208 11.65465
v 2.7029727 -0.30297208 11.70092
v 2.7029748 -0.15545011 11.954649
v 2.7029748 -0.15545011 12.00092
v 2.7029769 -0.002972126 11.35465
v 2.7029769 -0.002972126 11.400921
v 2.7029788 0.14454985 11.65465
v 2.7029788 0.14454985 11.70092
v 2.7029953 1.3445492 10.454649
v 2.7029953 1.3445492 10.50092
v 2.7030113 1.0308437 10.154634
v 2.7030265 1.0307355 10.200909
v 2.7030635 1.0440378 10.754661
v 2.7030683 1.044003 10.800933
v 2.7035606 0.29290867 11.101012
v 2.703567 0.29286242 11.054741
v 2.7085109 0.85779905 10.455513
v 2.7086284 0.85696459 10.501803
v 2.7104373 0.39159441 11.402088
v 2.7105477 0.39081001 11.355834
v 2.7178519 0.63894653 11.103249
v 2.7178953 0.63864136 11.056984
v 2.7186334 0.48585796 10.757099
v 2.718729 0.48517799 10.803386
v 2.7567368 -2.6241322 0.8730135
v 2.7567368 -2.6241322 1.1645212
v 2.7567368 -2.5818129 0.8730135
v 2.7567368 -2.5818129 1.1645212
v 2.7567368 -0.92257786 0.8730135
v 2.7567368 -0.92257786 1.1645212
v 2.7567372 -0.8802588 0.8730135
v 2.7567372 -0.8802588 1.1645212
v 2.7925522 -2.5818129 0.8730135
v 2.7925522 -2.5818129 1.1645212
v 2.7925522 -0.92257786 0.8730135
v 2.7925522 -0.92257786 1.1645212
v 2.7925525 -2.6241317 0.8730135
v 2.7925525 -2.6241317 1.1645212
v 2.7925527 -0.8802588 0.8730135
v 2.7925527 -0.8802588 1.1645212
v 2.8445489 -0.8014183 1.1546278
v 2.8445489 -0.8014183 1.2008991
v 2.8445492 -2.7029719 1.1546278
v 2.8445492 -2.7029719 1.2008991
v 3.0567365 -2.6241319 0.57301426
v 3.0567365 -2.6241319 0.86452198
v 3.0567365 -2.5818129 0.57301426
v 3.0567365 -2.5818129 0.86452198
v 3.0567367 -0.92257786 0.57301426
v 3.0567367 -0.92257786 0.86452198
v 3.0567372 -0.8802588 0.57301426
v 3.0567372 -0.8802588 0.86452198
v 3.0925519 -2.5818129 0.57301426
v 3.0925519 -2.5818129 0.86452198
v 3.0925522 -2.6241317 0.57301426
v 3.0925522 -2.6241317 0.86452198
v 3.0925522 -0.92257786 0.57301426
v 3.0925522 -0.92257786 0.86452198
v 3.0925527 -0.8802588 0.57301426
v 3.0925527 -0.8802588 0.86452198
v 3.1445491 -2.7029719 0.85462761
v 3.1445491 -2.7029719 0.90089798
v 3.1445491 -0.8014183 0.85462761
v 3.1445491 -0.8014183 0.90089798
v 3.2970273 -3.2970276 1.053875
v 3.2970273 -2.7029722 1.053875
v 3.2970273 -2.7029722 18.732643
v 3.2970276 -3.2970278 5.1008992
v 3.2970276 -3.2970278 5.6949544
v 3.2970276 -3.2970278 10.1009
v 3.2970276 -3.2970278 10.694955
v 3.2970276 -3.2970276 18.732643
v 3.2970276 2.7029729 1.053875
v 3.2970276 2.7029729 10.1009
v 3.2970276 2.7029729 10.694955
v 3.2970276 2.7029729 18.732643
v 3.2970276 3.2970281 1.053875
v 3.2970276 3.2970281 10.1009
v 3.2970276 3.2970281 10.694955
v 3.2970276 3.2970281 18.732641
v 3.2970278 2.7029729 5.1008992
v 3.2970278 2.7029729 5.6949544
v 3.2970278 3.2970281 5.1008992
v 3.2970278 3.2970281 5.6949544
v 3.2970278 3.2970281 5.6949549
v 3.2970283 -3.2970276 5.1008978
v 3.2970283 -3.2970276 5.6949534
v 3.2970283 -3.2970276 10.100899
v 3.2970283 -3.2970276 10.694954
v 3.2970283 -2.7029722 5.1008978
v 3.2970283 -2.7029722 5.6949534
v 3.2970283 -2.7029722 10.100899
v 3.2970283 -2.7029722 10.694954
v 3.6489806 -3.6489806 0.67043555
v 3.6489806 -3.6489806 1.053875
v 3.6489806 -2.3510184 0.67043555
v 3.6489806 -2.3510184 1.053875
v 3.6489806 2.3510189 0.67043555
v 3.6489806 2.3510189 1.053875
v 3.6489806 3.6489811 0.67043555
v 3.6489806 3.6489811 1.053875
v 4.4395895 -4.6807942 14.699333
v 4.4395895 -4.6807942 16.09623
v 4.4395895 -4.4599524 14.699333
v 4.4395895 -4.4599524 16.09623
v 4.4395895 4.6807895 14.699333
v 4.4395895 4.6807895 16.09623
v 4.6807837 -4.6807938 14.325526
v 4.6807837 -4.6807938 14.699332
v 4.6807837 4.6807828 14.325526
v 4.6807837 4.6807828 14.699332
v 4.6807842 -4.6807942 14.699333
v 4.6807842 -4.6807942 16.09623
v 4.6807842 -4.4599524 14.699333
v 4.6807842 -4.4599524 16.09623
v 4.6807842 4.6807895 14.699333
v 4.6807842 4.6807895 16.09623
v 4.6810079 4.4596987 14.699333
v 4.6810079 4.4596987 16.09623
v 4.6810327 4.6805406 14.699333
v 4.6810327 4.6805406 16.09623
v 4.6821237 -4.6821237 18.729763
v 4.6821237 -4.6821237 18.830585
v 4.6821237 4.6821237 18.729763
v 4.6821237 4.6821237 18.830585
v 7.0193872 -7.0193872 0.16305012
v 7.0193872 -7.0193872 0.67043555
v 7.0193872 7.0193872 0.16305012
v 7.0193872 7.0193872 0.67043555
s 1
f 826// 331// 330//
f 826// 330// 825//
f 1334// 1335// 1333//
f 1334// 1333// 1332//
f 5// 6// 8//
f 5// 8// 7//
f 7// 1334// 1332//
f 7// 1332// 5//
f 7// 8// 1335//
f 7// 1335// 1334//
f 330// 331// 8//
f 330// 8// 6//
f 331// 826// 1335//
f 331// 1335// 8//
f 826// 825// 1333//
f 826// 1333// 1335//
f 825// 330// 6//
f 825// 6// 1333//
f 1332// 1333// 6//
f 1332// 6// 5//
f 1032// 1034// 1033//
f 1033// 1027// 1029//
f 1031// 1032// 1033//
f 1033// 1029// 1031//
f 206// 1028// 1002//
f 212// 211// 205//
f 206// 1002// 212//
f 212// 205// 206//
f 208// 206// 202//
f 204// 203// 207//
f 208// 202// 204//
f 204// 207// 208//
f 1034// 208// 227//
f 537// 536// 1033//
f 1034// 227// 537//
f 537// 1033// 1034//
f 1028// 206// 208//
f 1028// 208// 1034//
f 205// 1027// 1033//
f 205// 1033// 207//
f 1070// 1068// 1064//
f 1066// 1065// 1069//
f 1070// 1064// 1066//
f 1070// 1066// 1069//
f 1068// 194// 210//
f 1000// 999// 1067//
f 1068// 210// 1000//
f 1068// 1000// 1067//
f 194// 200// 198//
f 196// 195// 193//
f 194// 198// 196//
f 194// 196// 193//
f 1070// 540// 539//
f 229// 225// 199//
f 1070// 539// 229//
f 229// 199// 200//
f 200// 1070// 229//
f 1068// 1070// 200//
f 1068// 200// 194//
f 193// 199// 1069//
f 193// 1069// 1067//
f 1064// 1063// 1029//
f 1064// 1029// 1030//
f 202// 201// 195//
f 202// 195// 196//
f 1064// 1068// 1067//
f 1067// 1069// 1065//
f 1063// 1064// 1067//
f 1067// 1065// 1063//
f 1029// 1027// 1028//
f 1028// 1034// 1032//
f 1030// 1029// 1028//
f 1028// 1032// 1030//
f 201// 202// 206//
f 205// 207// 203//
f 201// 206// 205//
f 205// 203// 201//
f 1066// 1064// 1030//
f 1066// 1030// 1032//
f 204// 202// 196//
f 204// 196// 198//
f 198// 200// 199//
f 199// 193// 195//
f 197// 198// 199//
f 199// 195// 197//
f 197// 195// 201//
f 197// 201// 203//
f 1031// 1029// 1063//
f 1031// 1063// 1065//
f 198// 197// 203//
f 198// 203// 204//
f 1032// 1031// 1065//
f 1032// 1065// 1066//
f 999// 1000// 1002//
f 999// 1002// 1001//
f 1001// 1002// 1028//
f 1027// 205// 211//
f 1001// 1028// 1027//
f 1027// 211// 1001//
f 1000// 210// 212//
f 1000// 212// 1002//
f 211// 212// 210//
f 211// 210// 209//
f 210// 194// 193//
f 193// 1067// 999//
f 209// 210// 193//
f 193// 999// 209//
f 1001// 211// 209//
f 1001// 209// 999//
f 538// 536// 537//
f 537// 539// 540//
f 537// 540// 538//
f 226// 227// 208//
f 207// 1033// 536//
f 226// 208// 207//
f 207// 536// 226//
f 540// 1070// 1069//
f 199// 225// 228//
f 538// 540// 1069//
f 199// 228// 538//
f 1069// 199// 538//
f 537// 227// 229//
f 537// 229// 539//
f 226// 228// 225//
f 225// 229// 227//
f 225// 227// 226//
f 538// 228// 226//
f 538// 226// 536//
f 33// 34// 36//
f 33// 36// 35//
f 35// 36// 192//
f 35// 192// 191//
f 191// 192// 190//
f 191// 190// 189//
f 189// 190// 34//
f 189// 34// 33//
f 35// 191// 189//
f 35// 189// 33//
f 192// 36// 34//
f 192// 34// 190//
f 1071// 1072// 1074//
f 1071// 1074// 1073//
f 1073// 1074// 1307//
f 1073// 1307// 1306//
f 1306// 1307// 1305//
f 1306// 1305// 1304//
f 1304// 1305// 1072//
f 1304// 1072// 1071//
f 1073// 1306// 1304//
f 1073// 1304// 1071//
f 1307// 1074// 1072//
f 1307// 1072// 1305//
f 29// 30// 32//
f 29// 32// 31//
f 31// 32// 188//
f 31// 188// 187//
f 187// 188// 186//
f 187// 186// 185//
f 185// 186// 30//
f 185// 30// 29//
f 31// 187// 185//
f 31// 185// 29//
f 188// 32// 30//
f 188// 30// 186//
f 1075// 1076// 1078//
f 1075// 1078// 1077//
f 1077// 1078// 1311//
f 1077// 1311// 1310//
f 1310// 1311// 1309//
f 1310// 1309// 1308//
f 1308// 1309// 1076//
f 1308// 1076// 1075//
f 1077// 1310// 1308//
f 1077// 1308// 1075//
f 1311// 1078// 1076//
f 1311// 1076// 1309//
f 62// 61// 59//
f 62// 59// 60//
f 1303// 62// 60//
f 1303// 60// 1299//
f 1298// 59// 61//
f 1298// 61// 1302//
f 1302// 61// 62//
f 1302// 62// 1303//
f 1299// 60// 59//
f 1299// 59// 1298//
f 1298// 1302// 1303//
f 1298// 1303// 1299//
f 1289// 1288// 1209//
f 1289// 1209// 1201//
f 1281// 1289// 1201//
f 1281// 1201// 1203//
f 1202// 1209// 1288//
f 1202// 1288// 1280//
f 1280// 1288// 1289//
f 1280// 1289// 1281//
f 1203// 1201// 1209//
f 1203// 1209// 1202//
f 1202// 1280// 1281//
f 1202// 1281// 1203//
f 93// 92// 56//
f 93// 56// 57//
f 83// 93// 57//
f 83// 57// 51//
f 50// 56// 92//
f 50// 92// 82//
f 82// 92// 93//
f 82// 93// 83//
f 51// 57// 56//
f 51// 56// 50//
f 50// 82// 83//
f 50// 83// 51//
f 47// 46// 42//
f 47// 42// 43//
f 1289// 47// 43//
f 1289// 43// 1285//
f 1284// 42// 46//
f 1284// 46// 1288//
f 1288// 46// 47//
f 1288// 47// 1289//
f 1285// 43// 42//
f 1285// 42// 1284//
f 1284// 1288// 1289//
f 1284// 1289// 1285//
f 1199// 1198// 1197//
f 1199// 1197// 1204//
f 1204// 1197// 1275//
f 1204// 1275// 1282//
f 1276// 1275// 1197//
f 1276// 1197// 1198//
f 1282// 1275// 1276//
f 1282// 1276// 1277//
f 1204// 1282// 1277//
f 1204// 1277// 1199//
f 1277// 1276// 1198//
f 1277// 1198// 1199//
f 1210// 1207// 1205//
f 1210// 1205// 1206//
f 1206// 1205// 1283//
f 1206// 1283// 1286//
f 1287// 1283// 1205//
f 1287// 1205// 1207//
f 1286// 1283// 1287//
f 1286// 1287// 1290//
f 1206// 1286// 1290//
f 1206// 1290// 1210//
f 1290// 1287// 1207//
f 1290// 1207// 1210//
f 39// 38// 37//
f 39// 37// 52//
f 52// 37// 80//
f 52// 80// 84//
f 85// 80// 37//
f 85// 37// 38//
f 84// 80// 85//
f 84// 85// 86//
f 52// 84// 86//
f 52// 86// 39//
f 86// 85// 38//
f 86// 38// 39//
f 58// 55// 53//
f 58// 53// 54//
f 54// 53// 95//
f 54// 95// 89//
f 96// 95// 53//
f 96// 53// 55//
f 89// 95// 96//
f 89// 96// 94//
f 89// 94// 58//
f 89// 58// 54//
f 94// 96// 55//
f 94// 55// 58//
f 68// 67// 65//
f 68// 65// 66//
f 1301// 68// 66//
f 1301// 66// 1297//
f 1296// 65// 67//
f 1296// 67// 1300//
f 1300// 67// 68//
f 1300// 68// 1301//
f 1297// 66// 65//
f 1297// 65// 1296//
f 1296// 1300// 1301//
f 1296// 1301// 1297//
f 1295// 1293// 1208//
f 1295// 1208// 1200//
f 1279// 1295// 1200//
f 1279// 1200// 1196//
f 1195// 1208// 1293//
f 1195// 1293// 1278//
f 1278// 1293// 1295//
f 1278// 1295// 1279//
f 1196// 1200// 1208//
f 1196// 1208// 1195//
f 1195// 1278// 1279//
f 1195// 1279// 1196//
f 91// 90// 63//
f 91// 63// 64//
f 79// 91// 64//
f 79// 64// 49//
f 48// 63// 90//
f 48// 90// 81//
f 81// 90// 91//
f 81// 91// 79//
f 49// 64// 63//
f 49// 63// 48//
f 48// 81// 79//
f 48// 79// 49//
f 45// 44// 40//
f 45// 40// 41//
f 1294// 45// 41//
f 1294// 41// 1292//
f 1291// 40// 44//
f 1291// 44// 1293//
f 1293// 44// 45//
f 1293// 45// 1294//
f 1292// 41// 40//
f 1292// 40// 1291//
f 1291// 1293// 1294//
f 1291// 1294// 1292//
f 643// 637// 621//
f 643// 621// 627//
f 637// 643// 644//
f 637// 644// 638//
f 621// 637// 638//
f 621// 638// 622//
f 627// 621// 622//
f 627// 622// 628//
f 628// 622// 638//
f 628// 638// 644//
f 643// 627// 628//
f 643// 628// 644//
f 925// 881// 882//
f 925// 882// 926//
f 881// 925// 923//
f 881// 923// 879//
f 923// 925// 926//
f 923// 926// 924//
f 879// 923// 924//
f 879// 924// 880//
f 880// 924// 926//
f 880// 926// 882//
f 881// 879// 880//
f 881// 880// 882//
f 396// 398// 399//
f 396// 399// 397//
f 398// 390// 391//
f 398// 391// 399//
f 390// 388// 389//
f 390// 389// 391//
f 388// 396// 397//
f 388// 397// 389//
f 398// 396// 388//
f 398// 388// 390//
f 391// 389// 397//
f 391// 397// 399//
f 407// 405// 404//
f 407// 404// 406//
f 405// 239// 238//
f 405// 238// 404//
f 239// 241// 240//
f 239// 240// 238//
f 241// 407// 406//
f 241// 406// 240//
f 405// 407// 241//
f 405// 241// 239//
f 238// 240// 406//
f 238// 406// 404//
f 402// 400// 401//
f 402// 401// 403//
f 400// 394// 395//
f 400// 395// 401//
f 394// 392// 393//
f 394// 393// 395//
f 392// 402// 403//
f 392// 403// 393//
f 400// 402// 392//
f 400// 392// 394//
f 395// 393// 403//
f 395// 403// 401//
f 314// 316// 317//
f 314// 317// 315//
f 316// 276// 277//
f 316// 277// 317//
f 276// 274// 275//
f 276// 275// 277//
f 274// 314// 315//
f 274// 315// 275//
f 316// 314// 274//
f 316// 274// 276//
f 277// 275// 315//
f 277// 315// 317//
f 325// 323// 322//
f 325// 322// 324//
f 323// 100// 99//
f 323// 99// 322//
f 100// 98// 97//
f 100// 97// 99//
f 98// 325// 324//
f 98// 324// 97//
f 323// 325// 98//
f 323// 98// 100//
f 99// 97// 324//
f 99// 324// 322//
f 318// 320// 321//
f 318// 321// 319//
f 320// 280// 281//
f 320// 281// 321//
f 280// 278// 279//
f 280// 279// 281//
f 278// 318// 319//
f 278// 319// 279//
f 320// 318// 278//
f 320// 278// 280//
f 281// 279// 319//
f 281// 319// 321//
f 444// 446// 447//
f 444// 447// 445//
f 446// 438// 439//
f 446// 439// 447//
f 438// 436// 437//
f 438// 437// 439//
f 436// 444// 445//
f 436// 445// 437//
f 446// 444// 436//
f 446// 436// 438//
f 439// 437// 445//
f 439// 445// 447//
f 455// 453// 452//
f 455// 452// 454//
f 453// 381// 380//
f 453// 380// 452//
f 381// 383// 382//
f 381// 382// 380//
f 383// 455// 454//
f 383// 454// 382//
f 453// 455// 383//
f 453// 383// 381//
f 380// 382// 454//
f 380// 454// 452//
f 450// 448// 449//
f 450// 449// 451//
f 448// 440// 441//
f 448// 441// 449//
f 440// 442// 443//
f 440// 443// 441//
f 442// 450// 451//
f 442// 451// 443//
f 448// 450// 442//
f 448// 442// 440//
f 441// 443// 451//
f 441// 451// 449//
f 492// 494// 495//
f 492// 495// 493//
f 494// 486// 487//
f 494// 487// 495//
f 486// 484// 485//
f 486// 485// 487//
f 484// 492// 493//
f 484// 493// 485//
f 494// 492// 484//
f 494// 484// 486//
f 487// 485// 493//
f 487// 493// 495//
f 501// 503// 502//
f 501// 502// 500//
f 503// 431// 430//
f 503// 430// 502//
f 431// 429// 428//
f 431// 428// 430//
f 429// 501// 500//
f 429// 500// 428//
f 503// 501// 429//
f 503// 429// 431//
f 430// 428// 500//
f 430// 500// 502//
f 498// 496// 497//
f 498// 497// 499//
f 496// 488// 489//
f 496// 489// 497//
f 488// 490// 491//
f 488// 491// 489//
f 490// 498// 499//
f 490// 499// 491//
f 496// 498// 490//
f 496// 490// 488//
f 489// 491// 499//
f 489// 499// 497//
f 557// 559// 560//
f 557// 560// 558//
f 559// 541// 542//
f 559// 542// 560//
f 541// 543// 544//
f 541// 544// 542//
f 543// 557// 558//
f 543// 558// 544//
f 559// 557// 543//
f 559// 543// 541//
f 542// 544// 558//
f 542// 558// 560//
f 576// 574// 573//
f 576// 573// 575//
f 574// 477// 476//
f 574// 476// 573//
f 477// 479// 478//
f 477// 478// 476//
f 479// 576// 575//
f 479// 575// 478//
f 574// 576// 479//
f 574// 479// 477//
f 476// 478// 575//
f 476// 575// 573//
f 561// 563// 564//
f 561// 564// 562//
f 563// 545// 546//
f 563// 546// 564//
f 545// 547// 548//
f 545// 548// 546//
f 547// 561// 562//
f 547// 562// 548//
f 563// 561// 547//
f 563// 547// 545//
f 546// 548// 562//
f 546// 562// 564//
f 629// 631// 632//
f 629// 632// 630//
f 631// 615// 616//
f 631// 616// 632//
f 615// 613// 614//
f 615// 614// 616//
f 613// 629// 630//
f 613// 630// 614//
f 631// 629// 613//
f 631// 613// 615//
f 616// 614// 630//
f 616// 630// 632//
f 648// 650// 649//
f 648// 649// 647//
f 650// 529// 528//
f 650// 528// 649//
f 529// 527// 526//
f 529// 526// 528//
f 527// 648// 647//
f 527// 647// 526//
f 650// 648// 527//
f 650// 527// 529//
f 528// 526// 647//
f 528// 647// 649//
f 635// 633// 634//
f 635// 634// 636//
f 633// 617// 618//
f 633// 618// 634//
f 617// 619// 620//
f 617// 620// 618//
f 619// 635// 636//
f 619// 636// 620//
f 633// 635// 619//
f 633// 619// 617//
f 618// 620// 636//
f 618// 636// 634//
f 703// 701// 702//
f 703// 702// 704//
f 701// 685// 686//
f 701// 686// 702//
f 685// 687// 688//
f 685// 688// 686//
f 687// 703// 704//
f 687// 704// 688//
f 701// 703// 687//
f 701// 687// 685//
f 686// 688// 704//
f 686// 704// 702//
f 722// 720// 719//
f 722// 719// 721//
f 720// 604// 603//
f 720// 603// 719//
f 604// 606// 605//
f 604// 605// 603//
f 606// 722// 721//
f 606// 721// 605//
f 720// 722// 606//
f 720// 606// 604//
f 603// 605// 721//
f 603// 721// 719//
f 705// 707// 708//
f 705// 708// 706//
f 707// 689// 690//
f 707// 690// 708//
f 689// 691// 692//
f 689// 692// 690//
f 691// 705// 706//
f 691// 706// 692//
f 707// 705// 691//
f 707// 691// 689//
f 690// 692// 706//
f 690// 706// 708//
f 775// 773// 774//
f 775// 774// 776//
f 773// 759// 760//
f 773// 760// 774//
f 759// 757// 758//
f 759// 758// 760//
f 757// 775// 776//
f 757// 776// 758//
f 773// 775// 757//
f 773// 757// 759//
f 760// 758// 776//
f 760// 776// 774//
f 830// 832// 831//
f 830// 831// 829//
f 832// 678// 677//
f 832// 677// 831//
f 678// 676// 675//
f 678// 675// 677//
f 676// 830// 829//
f 676// 829// 675//
f 832// 830// 676//
f 832// 676// 678//
f 677// 675// 829//
f 677// 829// 831//
f 779// 777// 778//
f 779// 778// 780//
f 777// 763// 764//
f 777// 764// 778//
f 763// 761// 762//
f 763// 762// 764//
f 761// 779// 780//
f 761// 780// 762//
f 777// 779// 761//
f 777// 761// 763//
f 764// 762// 780//
f 764// 780// 778//
f 953// 951// 952//
f 953// 952// 954//
f 951// 935// 936//
f 951// 936// 952//
f 935// 939// 940//
f 935// 940// 936//
f 939// 953// 954//
f 939// 954// 940//
f 951// 953// 939//
f 951// 939// 935//
f 936// 940// 954//
f 936// 954// 952//
f 972// 970// 969//
f 972// 969// 971//
f 970// 750// 749//
f 970// 749// 969//
f 750// 748// 747//
f 750// 747// 749//
f 748// 972// 971//
f 748// 971// 747//
f 970// 972// 748//
f 970// 748// 750//
f 749// 747// 971//
f 749// 971// 969//
f 955// 957// 958//
f 955// 958// 956//
f 957// 941// 942//
f 957// 942// 958//
f 941// 937// 938//
f 941// 938// 942//
f 937// 955// 956//
f 937// 956// 938//
f 957// 955// 937//
f 957// 937// 941//
f 942// 938// 956//
f 942// 956// 958//
f 987// 989// 990//
f 987// 990// 988//
f 989// 983// 984//
f 989// 984// 990//
f 983// 979// 980//
f 983// 980// 984//
f 979// 987// 988//
f 979// 988// 980//
f 989// 987// 979//
f 989// 979// 983//
f 984// 980// 988//
f 984// 988// 990//
f 996// 998// 997//
f 996// 997// 995//
f 998// 930// 929//
f 998// 929// 997//
f 930// 928// 927//
f 930// 927// 929//
f 928// 996// 995//
f 928// 995// 927//
f 998// 996// 928//
f 998// 928// 930//
f 929// 927// 995//
f 929// 995// 997//
f 991// 993// 994//
f 991// 994// 992//
f 993// 985// 986//
f 993// 986// 994//
f 985// 981// 982//
f 985// 982// 986//
f 981// 991// 992//
f 981// 992// 982//
f 993// 991// 981//
f 993// 981// 985//
f 986// 982// 992//
f 986// 992// 994//
f 1015// 1017// 1018//
f 1015// 1018// 1016//
f 1017// 1009// 1010//
f 1017// 1010// 1018//
f 1009// 1007// 1008//
f 1009// 1008// 1010//
f 1007// 1015// 1016//
f 1007// 1016// 1008//
f 1017// 1015// 1007//
f 1017// 1007// 1009//
f 1010// 1008// 1016//
f 1010// 1016// 1018//
f 1024// 1026// 1025//
f 1024// 1025// 1023//
f 1026// 976// 975//
f 1026// 975// 1025//
f 976// 978// 977//
f 976// 977// 975//
f 978// 1024// 1023//
f 978// 1023// 977//
f 1026// 1024// 978//
f 1026// 978// 976//
f 975// 977// 1023//
f 975// 1023// 1025//
f 1019// 1021// 1022//
f 1019// 1022// 1020//
f 1021// 1013// 1014//
f 1021// 1014// 1022//
f 1013// 1011// 1012//
f 1013// 1012// 1014//
f 1011// 1019// 1020//
f 1011// 1020// 1012//
f 1021// 1019// 1011//
f 1021// 1011// 1013//
f 1014// 1012// 1020//
f 1014// 1020// 1022//
f 1051// 1053// 1054//
f 1051// 1054// 1052//
f 1053// 1039// 1040//
f 1053// 1040// 1054//
f 1039// 1041// 1042//
f 1039// 1042// 1040//
f 1041// 1051// 1052//
f 1041// 1052// 1042//
f 1053// 1051// 1041//
f 1053// 1041// 1039//
f 1040// 1042// 1052//
f 1040// 1052// 1054//
f 1062// 1060// 1059//
f 1062// 1059// 1061//
f 1060// 1004// 1003//
f 1060// 1003// 1059//
f 1004// 1006// 1005//
f 1004// 1005// 1003//
f 1006// 1062// 1061//
f 1006// 1061// 1005//
f 1060// 1062// 1006//
f 1060// 1006// 1004//
f 1003// 1005// 1061//
f 1003// 1061// 1059//
f 1055// 1057// 1058//
f 1055// 1058// 1056//
f 1057// 1045// 1046//
f 1057// 1046// 1058//
f 1045// 1043// 1044//
f 1045// 1044// 1046//
f 1043// 1055// 1056//
f 1043// 1056// 1044//
f 1057// 1055// 1043//
f 1057// 1043// 1045//
f 1046// 1044// 1056//
f 1046// 1056// 1058//
f 1091// 1093// 1094//
f 1091// 1094// 1092//
f 1093// 1085// 1086//
f 1093// 1086// 1094//
f 1085// 1083// 1084//
f 1085// 1084// 1086//
f 1083// 1091// 1092//
f 1083// 1092// 1084//
f 1093// 1091// 1083//
f 1093// 1083// 1085//
f 1086// 1084// 1092//
f 1086// 1092// 1094//
f 1102// 1100// 1099//
f 1102// 1099// 1101//
f 1100// 1038// 1037//
f 1100// 1037// 1099//
f 1038// 1036// 1035//
f 1038// 1035// 1037//
f 1036// 1102// 1101//
f 1036// 1101// 1035//
f 1100// 1102// 1036//
f 1100// 1036// 1038//
f 1037// 1035// 1101//
f 1037// 1101// 1099//
f 1095// 1097// 1098//
f 1095// 1098// 1096//
f 1097// 1089// 1090//
f 1097// 1090// 1098//
f 1089// 1087// 1088//
f 1089// 1088// 1090//
f 1087// 1095// 1096//
f 1087// 1096// 1088//
f 1097// 1095// 1087//
f 1097// 1087// 1089//
f 1090// 1088// 1096//
f 1090// 1096// 1098//
f 1247// 1243// 1244//
f 1247// 1244// 1248//
f 1243// 1237// 1238//
f 1243// 1238// 1244//
f 1237// 1235// 1236//
f 1237// 1236// 1238//
f 1235// 1247// 1248//
f 1235// 1248// 1236//
f 1243// 1247// 1235//
f 1243// 1235// 1237//
f 1238// 1236// 1248//
f 1238// 1248// 1244//
f 1254// 1252// 1251//
f 1254// 1251// 1253//
f 1252// 1080// 1079//
f 1252// 1079// 1251//
f 1080// 1082// 1081//
f 1080// 1081// 1079//
f 1082// 1254// 1253//
f 1082// 1253// 1081//
f 1252// 1254// 1082//
f 1252// 1082// 1080//
f 1079// 1081// 1253//
f 1079// 1253// 1251//
f 1245// 1249// 1250//
f 1245// 1250// 1246//
f 1249// 1241// 1242//
f 1249// 1242// 1250//
f 1241// 1239// 1240//
f 1241// 1240// 1242//
f 1239// 1245// 1246//
f 1239// 1246// 1240//
f 1249// 1245// 1239//
f 1249// 1239// 1241//
f 1242// 1240// 1246//
f 1242// 1246// 1250//
f 1265// 1263// 1264//
f 1265// 1264// 1266//
f 1263// 1257// 1258//
f 1263// 1258// 1264//
f 1257// 1255// 1256//
f 1257// 1256// 1258//
f 1255// 1265// 1266//
f 1255// 1266// 1256//
f 1263// 1265// 1255//
f 1263// 1255// 1257//
f 1258// 1256// 1266//
f 1258// 1266// 1264//
f 1272// 1274// 1273//
f 1272// 1273// 1271//
f 1274// 1176// 1175//
f 1274// 1175// 1273//
f 1176// 1178// 1177//
f 1176// 1177// 1175//
f 1178// 1272// 1271//
f 1178// 1271// 1177//
f 1274// 1272// 1178//
f 1274// 1178// 1176//
f 1175// 1177// 1271//
f 1175// 1271// 1273//
f 1267// 1269// 1270//
f 1267// 1270// 1268//
f 1269// 1261// 1262//
f 1269// 1262// 1270//
f 1261// 1259// 1260//
f 1261// 1260// 1262//
f 1259// 1267// 1268//
f 1259// 1268// 1260//
f 1269// 1267// 1259//
f 1269// 1259// 1261//
f 1262// 1260// 1268//
f 1262// 1268// 1270//
f 510// 508// 518//
f 510// 518// 516//
f 508// 510// 511//
f 508// 511// 509//
f 518// 508// 509//
f 518// 509// 519//
f 516// 518// 519//
f 516// 519// 517//
f 517// 519// 509//
f 517// 509// 511//
f 510// 516// 517//
f 510// 517// 511//
f 343// 88// 106//
f 343// 106// 349//
f 88// 343// 342//
f 88// 342// 87//
f 106// 88// 87//
f 106// 87// 105//
f 349// 106// 105//
f 349// 105// 348//
f 348// 105// 87//
f 348// 87// 342//
f 343// 349// 348//
f 343// 348// 342//
f 147// 177// 178//
f 147// 178// 148//
f 177// 179// 180//
f 177// 180// 178//
f 179// 145// 146//
f 179// 146// 180//
f 145// 147// 148//
f 145// 148// 146//
f 177// 147// 145//
f 177// 145// 179//
f 180// 146// 148//
f 180// 148// 178//
f 355// 112// 118//
f 355// 118// 361//
f 112// 355// 354//
f 112// 354// 111//
f 118// 112// 111//
f 118// 111// 117//
f 361// 118// 117//
f 361// 117// 360//
f 360// 117// 111//
f 360// 111// 354//
f 355// 361// 360//
f 355// 360// 354//
f 306// 266// 268//
f 306// 268// 308//
f 266// 306// 307//
f 266// 307// 267//
f 268// 266// 267//
f 268// 267// 269//
f 308// 268// 269//
f 308// 269// 309//
f 309// 269// 267//
f 309// 267// 307//
f 306// 308// 309//
f 306// 309// 307//
f 181// 149// 151//
f 181// 151// 183//
f 149// 181// 182//
f 149// 182// 150//
f 151// 149// 150//
f 151// 150// 152//
f 183// 151// 152//
f 183// 152// 184//
f 184// 152// 150//
f 184// 150// 182//
f 181// 183// 184//
f 181// 184// 182//
f 359// 116// 120//
f 359// 120// 363//
f 116// 359// 358//
f 116// 358// 115//
f 120// 116// 115//
f 120// 115// 119//
f 363// 120// 119//
f 363// 119// 362//
f 362// 119// 115//
f 362// 115// 358//
f 359// 363// 362//
f 359// 362// 358//
f 312// 270// 272//
f 312// 272// 310//
f 270// 312// 313//
f 270// 313// 271//
f 272// 270// 271//
f 272// 271// 273//
f 310// 272// 273//
f 310// 273// 311//
f 311// 273// 271//
f 311// 271// 313//
f 312// 310// 311//
f 312// 311// 313//
f 173// 141// 143//
f 173// 143// 175//
f 141// 173// 174//
f 141// 174// 142//
f 143// 141// 142//
f 143// 142// 144//
f 175// 143// 144//
f 175// 144// 176//
f 176// 144// 142//
f 176// 142// 174//
f 173// 175// 176//
f 173// 176// 174//
f 351// 108// 114//
f 351// 114// 357//
f 108// 351// 350//
f 108// 350// 107//
f 114// 108// 107//
f 114// 107// 113//
f 357// 114// 113//
f 357// 113// 356//
f 356// 113// 107//
f 356// 107// 350//
f 351// 357// 356//
f 351// 356// 350//
f 302// 262// 264//
f 302// 264// 304//
f 262// 302// 303//
f 262// 303// 263//
f 264// 262// 263//
f 264// 263// 265//
f 304// 264// 265//
f 304// 265// 305//
f 305// 265// 263//
f 305// 263// 303//
f 302// 304// 305//
f 302// 305// 303//
f 171// 139// 137//
f 171// 137// 169//
f 139// 171// 172//
f 139// 172// 140//
f 137// 139// 140//
f 137// 140// 138//
f 169// 137// 138//
f 169// 138// 170//
f 170// 138// 140//
f 170// 140// 172//
f 171// 169// 170//
f 171// 170// 172//
f 347// 104// 110//
f 347// 110// 353//
f 104// 347// 346//
f 104// 346// 103//
f 110// 104// 103//
f 110// 103// 109//
f 353// 110// 109//
f 353// 109// 352//
f 352// 109// 103//
f 352// 103// 346//
f 347// 353// 352//
f 347// 352// 346//
f 298// 258// 260//
f 298// 260// 300//
f 258// 298// 299//
f 258// 299// 259//
f 260// 258// 259//
f 260// 259// 261//
f 300// 260// 261//
f 300// 261// 301//
f 301// 261// 259//
f 301// 259// 299//
f 298// 300// 301//
f 298// 301// 299//
f 165// 133// 135//
f 165// 135// 167//
f 133// 165// 166//
f 133// 166// 134//
f 135// 133// 134//
f 135// 134// 136//
f 167// 135// 136//
f 167// 136// 168//
f 168// 136// 134//
f 168// 134// 166//
f 165// 167// 168//
f 165// 168// 166//
f 294// 254// 256//
f 294// 256// 296//
f 254// 294// 295//
f 254// 295// 255//
f 256// 254// 255//
f 256// 255// 257//
f 296// 256// 257//
f 296// 257// 297//
f 297// 257// 255//
f 297// 255// 295//
f 294// 296// 297//
f 294// 297// 295//
f 161// 129// 131//
f 161// 131// 163//
f 129// 161// 162//
f 129// 162// 130//
f 131// 129// 130//
f 131// 130// 132//
f 163// 131// 132//
f 163// 132// 164//
f 164// 132// 130//
f 164// 130// 162//
f 161// 163// 164//
f 161// 164// 162//
f 339// 76// 102//
f 339// 102// 345//
f 76// 339// 338//
f 76// 338// 75//
f 102// 76// 75//
f 102// 75// 101//
f 345// 102// 101//
f 345// 101// 344//
f 344// 101// 75//
f 344// 75// 338//
f 339// 345// 344//
f 339// 344// 338//
f 290// 250// 252//
f 290// 252// 292//
f 250// 290// 291//
f 250// 291// 251//
f 252// 250// 251//
f 252// 251// 253//
f 292// 252// 253//
f 292// 253// 293//
f 293// 253// 251//
f 293// 251// 291//
f 290// 292// 293//
f 290// 293// 291//
f 157// 125// 127//
f 157// 127// 159//
f 125// 157// 158//
f 125// 158// 126//
f 127// 125// 126//
f 127// 126// 128//
f 159// 127// 128//
f 159// 128// 160//
f 160// 128// 126//
f 160// 126// 158//
f 157// 159// 160//
f 157// 160// 158//
f 335// 72// 78//
f 335// 78// 341//
f 72// 335// 334//
f 72// 334// 71//
f 78// 72// 71//
f 78// 71// 77//
f 341// 78// 77//
f 341// 77// 340//
f 340// 77// 71//
f 340// 71// 334//
f 335// 341// 340//
f 335// 340// 334//
f 286// 248// 246//
f 286// 246// 288//
f 248// 286// 287//
f 248// 287// 249//
f 246// 248// 249//
f 246// 249// 247//
f 288// 246// 247//
f 288// 247// 289//
f 289// 247// 249//
f 289// 249// 287//
f 286// 288// 289//
f 286// 289// 287//
f 153// 121// 123//
f 153// 123// 155//
f 121// 153// 154//
f 121// 154// 122//
f 123// 121// 122//
f 123// 122// 124//
f 155// 123// 124//
f 155// 124// 156//
f 156// 124// 122//
f 156// 122// 154//
f 153// 155// 156//
f 153// 156// 154//
f 333// 70// 74//
f 333// 74// 337//
f 70// 333// 332//
f 70// 332// 69//
f 74// 70// 69//
f 74// 69// 73//
f 337// 74// 73//
f 337// 73// 336//
f 336// 73// 69//
f 336// 69// 332//
f 333// 337// 336//
f 333// 336// 332//
f 282// 244// 242//
f 282// 242// 284//
f 244// 282// 283//
f 244// 283// 245//
f 242// 244// 245//
f 242// 245// 243//
f 284// 242// 243//
f 284// 243// 285//
f 285// 243// 245//
f 285// 245// 283//
f 282// 284// 285//
f 282// 285// 283//
f 729// 731// 732//
f 729// 732// 730//
f 731// 743// 744//
f 731// 744// 732//
f 743// 737// 738//
f 743// 738// 744//
f 737// 729// 730//
f 737// 730// 738//
f 731// 729// 737//
f 731// 737// 743//
f 744// 738// 730//
f 744// 730// 732//
f 841// 839// 883//
f 841// 883// 889//
f 839// 841// 842//
f 839// 842// 840//
f 883// 839// 840//
f 883// 840// 884//
f 889// 883// 884//
f 889// 884// 890//
f 890// 884// 840//
f 890// 840// 842//
f 841// 889// 890//
f 841// 890// 842//
f 838// 836// 1194//
f 838// 1194// 1222//
f 836// 838// 837//
f 836// 837// 835//
f 1194// 836// 835//
f 1194// 835// 1193//
f 1222// 1194// 1193//
f 1222// 1193// 1221//
f 1221// 1193// 835//
f 1221// 835// 837//
f 838// 1222// 1221//
f 838// 1221// 837//
f 728// 726// 932//
f 728// 932// 934//
f 726// 728// 727//
f 726// 727// 725//
f 932// 726// 725//
f 932// 725// 931//
f 934// 932// 931//
f 934// 931// 933//
f 933// 931// 725//
f 933// 725// 727//
f 728// 934// 933//
f 728// 933// 727//
f 733// 735// 741//
f 733// 741// 739//
f 735// 733// 734//
f 735// 734// 736//
f 741// 735// 736//
f 741// 736// 742//
f 739// 741// 742//
f 739// 742// 740//
f 740// 742// 736//
f 740// 736// 734//
f 733// 739// 740//
f 733// 740// 734//
f 843// 845// 887//
f 843// 887// 885//
f 845// 843// 844//
f 845// 844// 846//
f 887// 845// 846//
f 887// 846// 888//
f 885// 887// 888//
f 885// 888// 886//
f 886// 888// 846//
f 886// 846// 844//
f 843// 885// 886//
f 843// 886// 844//
f 656// 654// 754//
f 656// 754// 756//
f 654// 656// 655//
f 654// 655// 653//
f 754// 654// 653//
f 754// 653// 753//
f 756// 754// 753//
f 756// 753// 755//
f 755// 753// 653//
f 755// 653// 655//
f 656// 756// 755//
f 656// 755// 655//
f 661// 663// 671//
f 661// 671// 669//
f 663// 661// 662//
f 663// 662// 664//
f 671// 663// 664//
f 671// 664// 672//
f 669// 671// 672//
f 669// 672// 670//
f 670// 672// 664//
f 670// 664// 662//
f 661// 669// 670//
f 661// 670// 662//
f 580// 578// 682//
f 580// 682// 684//
f 578// 580// 579//
f 578// 579// 577//
f 682// 578// 577//
f 682// 577// 681//
f 684// 682// 681//
f 684// 681// 683//
f 683// 681// 577//
f 683// 577// 579//
f 580// 684// 683//
f 580// 683// 579//
f 589// 591// 599//
f 589// 599// 597//
f 591// 589// 590//
f 591// 590// 592//
f 599// 591// 592//
f 599// 592// 600//
f 597// 599// 600//
f 597// 600// 598//
f 598// 600// 592//
f 598// 592// 590//
f 589// 597// 598//
f 589// 598// 590//
f 507// 505// 610//
f 507// 610// 612//
f 505// 507// 506//
f 505// 506// 504//
f 610// 505// 504//
f 610// 504// 609//
f 612// 610// 609//
f 612// 609// 611//
f 611// 609// 504//
f 611// 504// 506//
f 507// 612// 611//
f 507// 611// 506//
f 512// 514// 522//
f 512// 522// 520//
f 514// 512// 513//
f 514// 513// 515//
f 522// 514// 515//
f 522// 515// 523//
f 520// 522// 523//
f 520// 523// 521//
f 521// 523// 515//
f 521// 515// 513//
f 512// 520// 521//
f 512// 521// 513//
f 459// 457// 533//
f 459// 533// 535//
f 457// 459// 458//
f 457// 458// 456//
f 533// 457// 456//
f 533// 456// 532//
f 535// 533// 532//
f 535// 532// 534//
f 534// 532// 456//
f 534// 456// 458//
f 459// 535// 534//
f 459// 534// 458//
f 464// 466// 472//
f 464// 472// 474//
f 466// 464// 465//
f 466// 465// 467//
f 472// 466// 467//
f 472// 467// 473//
f 474// 472// 473//
f 474// 473// 475//
f 475// 473// 467//
f 475// 467// 465//
f 464// 474// 475//
f 464// 475// 465//
f 411// 409// 481//
f 411// 481// 483//
f 409// 411// 410//
f 409// 410// 408//
f 481// 409// 408//
f 481// 408// 480//
f 483// 481// 480//
f 483// 480// 482//
f 482// 480// 408//
f 482// 408// 410//
f 411// 483// 482//
f 411// 482// 410//
f 418// 416// 426//
f 418// 426// 424//
f 416// 418// 419//
f 416// 419// 417//
f 426// 416// 417//
f 426// 417// 427//
f 424// 426// 427//
f 424// 427// 425//
f 425// 427// 417//
f 425// 417// 419//
f 418// 424// 425//
f 418// 425// 419//
f 329// 327// 433//
f 329// 433// 435//
f 327// 329// 328//
f 327// 328// 326//
f 433// 327// 326//
f 433// 326// 432//
f 435// 433// 432//
f 435// 432// 434//
f 434// 432// 326//
f 434// 326// 328//
f 329// 435// 434//
f 329// 434// 328//
f 370// 368// 376//
f 370// 376// 378//
f 368// 370// 371//
f 368// 371// 369//
f 376// 368// 369//
f 376// 369// 377//
f 378// 376// 377//
f 378// 377// 379//
f 379// 377// 369//
f 379// 369// 371//
f 370// 378// 379//
f 370// 379// 371//
f 216// 214// 385//
f 216// 385// 387//
f 214// 216// 215//
f 214// 215// 213//
f 385// 214// 213//
f 385// 213// 384//
f 387// 385// 384//
f 387// 384// 386//
f 386// 384// 213//
f 386// 213// 215//
f 216// 387// 386//
f 216// 386// 215//
f 221// 223// 236//
f 221// 236// 234//
f 223// 221// 222//
f 223// 222// 224//
f 236// 223// 224//
f 236// 224// 237//
f 234// 236// 237//
f 234// 237// 235//
f 235// 237// 224//
f 235// 224// 222//
f 221// 234// 235//
f 221// 235// 222//
f 657// 659// 665//
f 657// 665// 667//
f 659// 657// 658//
f 659// 658// 660//
f 665// 659// 660//
f 665// 660// 666//
f 667// 665// 666//
f 667// 666// 668//
f 668// 666// 660//
f 668// 660// 658//
f 657// 667// 668//
f 657// 668// 658//
f 587// 585// 595//
f 587// 595// 593//
f 585// 587// 588//
f 585// 588// 586//
f 595// 585// 586//
f 595// 586// 596//
f 593// 595// 596//
f 593// 596// 594//
f 594// 596// 586//
f 594// 586// 588//
f 587// 593// 594//
f 587// 594// 588//
f 460// 462// 470//
f 460// 470// 468//
f 462// 460// 461//
f 462// 461// 463//
f 470// 462// 463//
f 470// 463// 471//
f 468// 470// 471//
f 468// 471// 469//
f 469// 471// 463//
f 469// 463// 461//
f 460// 468// 469//
f 460// 469// 461//
f 412// 414// 422//
f 412// 422// 420//
f 414// 412// 413//
f 414// 413// 415//
f 422// 414// 415//
f 422// 415// 423//
f 420// 422// 423//
f 420// 423// 421//
f 421// 423// 415//
f 421// 415// 413//
f 412// 420// 421//
f 412// 421// 413//
f 366// 364// 374//
f 366// 374// 372//
f 364// 366// 367//
f 364// 367// 365//
f 374// 364// 365//
f 374// 365// 375//
f 372// 374// 375//
f 372// 375// 373//
f 373// 375// 365//
f 373// 365// 367//
f 366// 372// 373//
f 366// 373// 367//
f 217// 219// 232//
f 217// 232// 230//
f 219// 217// 218//
f 219// 218// 220//
f 232// 219// 220//
f 232// 220// 233//
f 230// 232// 233//
f 230// 233// 231//
f 231// 233// 220//
f 231// 220// 218//
f 217// 230// 231//
f 217// 231// 218//
f 794// 1184// 1180//
f 794// 1180// 790//
f 1184// 794// 793//
f 1184// 793// 1183//
f 1180// 1184// 1183//
f 1180// 1183// 1179//
f 790// 1180// 1179//
f 790// 1179// 789//
f 789// 1179// 1183//
f 789// 1183// 793//
f 794// 790// 789//
f 794// 789// 793//
f 1188// 798// 797//
f 1188// 797// 1187//
f 798// 1188// 1182//
f 798// 1182// 792//
f 1182// 1188// 1187//
f 1182// 1187// 1181//
f 792// 1182// 1181//
f 792// 1181// 791//
f 791// 1181// 1187//
f 791// 1187// 797//
f 798// 792// 791//
f 798// 791// 797//
f 897// 853// 854//
f 897// 854// 898//
f 853// 897// 895//
f 853// 895// 851//
f 895// 897// 898//
f 895// 898// 896//
f 851// 895// 896//
f 851// 896// 852//
f 852// 896// 898//
f 852// 898// 854//
f 853// 851// 852//
f 853// 852// 854//
f 893// 849// 850//
f 893// 850// 894//
f 849// 893// 891//
f 849// 891// 847//
f 891// 893// 894//
f 891// 894// 892//
f 847// 891// 892//
f 847// 892// 848//
f 848// 892// 894//
f 848// 894// 850//
f 849// 847// 848//
f 849// 848// 850//
f 1192// 802// 801//
f 1192// 801// 1191//
f 802// 1192// 1186//
f 802// 1186// 796//
f 1186// 1192// 1191//
f 1186// 1191// 1185//
f 796// 1186// 1185//
f 796// 1185// 795//
f 795// 1185// 1191//
f 795// 1191// 801//
f 802// 796// 795//
f 802// 795// 801//
f 901// 857// 858//
f 901// 858// 902//
f 857// 901// 899//
f 857// 899// 855//
f 899// 901// 902//
f 899// 902// 900//
f 855// 899// 900//
f 855// 900// 856//
f 856// 900// 902//
f 856// 902// 858//
f 857// 855// 856//
f 857// 856// 858//
f 1214// 806// 805//
f 1214// 805// 1213//
f 806// 1214// 1190//
f 806// 1190// 800//
f 1190// 1214// 1213//
f 1190// 1213// 1189//
f 800// 1190// 1189//
f 800// 1189// 799//
f 799// 1189// 1213//
f 799// 1213// 805//
f 806// 800// 799//
f 806// 799// 805//
f 905// 861// 862//
f 905// 862// 906//
f 861// 905// 903//
f 861// 903// 859//
f 903// 905// 906//
f 903// 906// 904//
f 859// 903// 904//
f 859// 904// 860//
f 860// 904// 906//
f 860// 906// 862//
f 861// 859// 860//
f 861// 860// 862//
f 1218// 810// 809//
f 1218// 809// 1217//
f 810// 1218// 1212//
f 810// 1212// 804//
f 1212// 1218// 1217//
f 1212// 1217// 1211//
f 804// 1212// 1211//
f 804// 1211// 803//
f 803// 1211// 1217//
f 803// 1217// 809//
f 810// 804// 803//
f 810// 803// 809//
f 909// 865// 866//
f 909// 866// 910//
f 865// 909// 907//
f 865// 907// 863//
f 907// 909// 910//
f 907// 910// 908//
f 863// 907// 908//
f 863// 908// 864//
f 864// 908// 910//
f 864// 910// 866//
f 865// 863// 864//
f 865// 864// 866//
f 1229// 814// 813//
f 1229// 813// 1230//
f 814// 1229// 1216//
f 814// 1216// 808//
f 1216// 1229// 1230//
f 1216// 1230// 1215//
f 808// 1216// 1215//
f 808// 1215// 807//
f 807// 1215// 1230//
f 807// 1230// 813//
f 814// 808// 807//
f 814// 807// 813//
f 913// 869// 870//
f 913// 870// 914//
f 869// 913// 911//
f 869// 911// 867//
f 911// 913// 914//
f 911// 914// 912//
f 867// 911// 912//
f 867// 912// 868//
f 868// 912// 914//
f 868// 914// 870//
f 869// 867// 868//
f 869// 868// 870//
f 1231// 818// 817//
f 1231// 817// 1232//
f 818// 1231// 1225//
f 818// 1225// 812//
f 1225// 1231// 1232//
f 1225// 1232// 1226//
f 812// 1225// 1226//
f 812// 1226// 811//
f 811// 1226// 1232//
f 811// 1232// 817//
f 818// 812// 811//
f 818// 811// 817//
f 917// 873// 874//
f 917// 874// 918//
f 873// 917// 915//
f 873// 915// 871//
f 915// 917// 918//
f 915// 918// 916//
f 871// 915// 916//
f 871// 916// 872//
f 872// 916// 918//
f 872// 918// 874//
f 873// 871// 872//
f 873// 872// 874//
f 1224// 822// 821//
f 1224// 821// 1223//
f 822// 1224// 1234//
f 822// 1234// 816//
f 1234// 1224// 1223//
f 1234// 1223// 1233//
f 816// 1234// 1233//
f 816// 1233// 815//
f 815// 1233// 1223//
f 815// 1223// 821//
f 822// 816// 815//
f 822// 815// 821//
f 921// 877// 878//
f 921// 878// 922//
f 877// 921// 919//
f 877// 919// 875//
f 919// 921// 922//
f 919// 922// 920//
f 875// 919// 920//
f 875// 920// 876//
f 876// 920// 922//
f 876// 922// 878//
f 877// 875// 876//
f 877// 876// 878//
f 1220// 824// 823//
f 1220// 823// 1219//
f 824// 1220// 1228//
f 824// 1228// 820//
f 1228// 1220// 1219//
f 1228// 1219// 1227//
f 820// 1228// 1227//
f 820// 1227// 819//
f 819// 1227// 1219//
f 819// 1219// 823//
f 824// 820// 819//
f 824// 819// 823//
f 1145// 1109// 1110//
f 1145// 1110// 1146//
f 1109// 1145// 1143//
f 1109// 1143// 1107//
f 1143// 1145// 1146//
f 1143// 1146// 1144//
f 1107// 1143// 1144//
f 1107// 1144// 1108//
f 1108// 1144// 1146//
f 1108// 1146// 1110//
f 1109// 1107// 1108//
f 1109// 1108// 1110//
f 1141// 1105// 1106//
f 1141// 1106// 1142//
f 1105// 1141// 1139//
f 1105// 1139// 1103//
f 1139// 1141// 1142//
f 1139// 1142// 1140//
f 1103// 1139// 1140//
f 1103// 1140// 1104//
f 1104// 1140// 1142//
f 1104// 1142// 1106//
f 1105// 1103// 1104//
f 1105// 1104// 1106//
f 1149// 1113// 1114//
f 1149// 1114// 1150//
f 1113// 1149// 1147//
f 1113// 1147// 1111//
f 1147// 1149// 1150//
f 1147// 1150// 1148//
f 1111// 1147// 1148//
f 1111// 1148// 1112//
f 1112// 1148// 1150//
f 1112// 1150// 1114//
f 1113// 1111// 1112//
f 1113// 1112// 1114//
f 1153// 1117// 1118//
f 1153// 1118// 1154//
f 1117// 1153// 1151//
f 1117// 1151// 1115//
f 1151// 1153// 1154//
f 1151// 1154// 1152//
f 1115// 1151// 1152//
f 1115// 1152// 1116//
f 1116// 1152// 1154//
f 1116// 1154// 1118//
f 1117// 1115// 1116//
f 1117// 1116// 1118//
f 1157// 1121// 1122//
f 1157// 1122// 1158//
f 1121// 1157// 1155//
f 1121// 1155// 1119//
f 1155// 1157// 1158//
f 1155// 1158// 1156//
f 1119// 1155// 1156//
f 1119// 1156// 1120//
f 1120// 1156// 1158//
f 1120// 1158// 1122//
f 1121// 1119// 1120//
f 1121// 1120// 1122//
f 1170// 1134// 1133//
f 1170// 1133// 1169//
f 1134// 1170// 1168//
f 1134// 1168// 1132//
f 1168// 1170// 1169//
f 1168// 1169// 1166//
f 1132// 1168// 1166//
f 1132// 1166// 1130//
f 1130// 1166// 1169//
f 1130// 1169// 1133//
f 1134// 1132// 1130//
f 1134// 1130// 1133//
f 1171// 1135// 1136//
f 1171// 1136// 1172//
f 1135// 1171// 1173//
f 1135// 1173// 1137//
f 1173// 1171// 1172//
f 1173// 1172// 1174//
f 1137// 1173// 1174//
f 1137// 1174// 1138//
f 1138// 1174// 1172//
f 1138// 1172// 1136//
f 1135// 1137// 1138//
f 1135// 1138// 1136//
f 1163// 1127// 1128//
f 1163// 1128// 1164//
f 1127// 1163// 1165//
f 1127// 1165// 1129//
f 1165// 1163// 1164//
f 1165// 1164// 1167//
f 1129// 1165// 1167//
f 1129// 1167// 1131//
f 1131// 1167// 1164//
f 1131// 1164// 1128//
f 1127// 1129// 1131//
f 1127// 1131// 1128//
f 1161// 1125// 1126//
f 1161// 1126// 1162//
f 1125// 1161// 1159//
f 1125// 1159// 1123//
f 1159// 1161// 1162//
f 1159// 1162// 1160//
f 1123// 1159// 1160//
f 1123// 1160// 1124//
f 1124// 1160// 1162//
f 1124// 1162// 1126//
f 1125// 1123// 1124//
f 1125// 1124// 1126//
f 571// 567// 551//
f 571// 551// 555//
f 567// 571// 572//
f 567// 572// 568//
f 551// 567// 568//
f 551// 568// 552//
f 555// 551// 552//
f 555// 552// 556//
f 556// 552// 568//
f 556// 568// 572//
f 571// 555// 556//
f 571// 556// 572//
f 652// 646// 525//
f 652// 525// 531//
f 646// 652// 651//
f 646// 651// 645//
f 525// 646// 645//
f 525// 645// 524//
f 531// 525// 524//
f 531// 524// 530//
f 530// 524// 645//
f 530// 645// 651//
f 652// 531// 530//
f 652// 530// 651//
f 641// 639// 623//
f 641// 623// 625//
f 639// 641// 642//
f 639// 642// 640//
f 623// 639// 640//
f 623// 640// 624//
f 625// 623// 624//
f 625// 624// 626//
f 626// 624// 640//
f 626// 640// 642//
f 641// 625// 626//
f 641// 626// 642//
f 724// 718// 602//
f 724// 602// 608//
f 718// 724// 723//
f 718// 723// 717//
f 602// 718// 717//
f 602// 717// 601//
f 608// 602// 601//
f 608// 601// 607//
f 607// 601// 717//
f 607// 717// 723//
f 724// 608// 607//
f 724// 607// 723//
f 715// 711// 695//
f 715// 695// 699//
f 711// 715// 716//
f 711// 716// 712//
f 695// 711// 712//
f 695// 712// 696//
f 699// 695// 696//
f 699// 696// 700//
f 700// 696// 712//
f 700// 712// 716//
f 715// 699// 700//
f 715// 700// 716//
f 834// 828// 674//
f 834// 674// 680//
f 828// 834// 833//
f 828// 833// 827//
f 674// 828// 827//
f 674// 827// 673//
f 680// 674// 673//
f 680// 673// 679//
f 679// 673// 827//
f 679// 827// 833//
f 834// 680// 679//
f 834// 679// 833//
f 787// 783// 767//
f 787// 767// 771//
f 783// 787// 788//
f 783// 788// 784//
f 767// 783// 784//
f 767// 784// 768//
f 771// 767// 768//
f 771// 768// 772//
f 772// 768// 784//
f 772// 784// 788//
f 787// 771// 772//
f 787// 772// 788//
f 974// 968// 746//
f 974// 746// 752//
f 968// 974// 973//
f 968// 973// 967//
f 746// 968// 967//
f 746// 967// 745//
f 752// 746// 745//
f 752// 745// 751//
f 751// 745// 967//
f 751// 967// 973//
f 974// 752// 751//
f 974// 751// 973//
f 965// 961// 945//
f 965// 945// 949//
f 961// 965// 966//
f 961// 966// 962//
f 945// 961// 962//
f 945// 962// 946//
f 949// 945// 946//
f 949// 946// 950//
f 950// 946// 962//
f 950// 962// 966//
f 965// 949// 950//
f 965// 950// 966//
f 569// 565// 549//
f 569// 549// 553//
f 565// 569// 570//
f 565// 570// 566//
f 549// 565// 566//
f 549// 566// 550//
f 553// 549// 550//
f 553// 550// 554//
f 554// 550// 566//
f 554// 566// 570//
f 569// 553// 554//
f 569// 554// 570//
f 713// 709// 693//
f 713// 693// 697//
f 709// 713// 714//
f 709// 714// 710//
f 693// 709// 710//
f 693// 710// 694//
f 697// 693// 694//
f 697// 694// 698//
f 698// 694// 710//
f 698// 710// 714//
f 713// 697// 698//
f 713// 698// 714//
f 785// 781// 765//
f 785// 765// 769//
f 781// 785// 786//
f 781// 786// 782//
f 765// 781// 782//
f 765// 782// 766//
f 769// 765// 766//
f 769// 766// 770//
f 770// 766// 782//
f 770// 782// 786//
f 785// 769// 770//
f 785// 770// 786//
f 963// 959// 943//
f 963// 943// 947//
f 959// 963// 964//
f 959// 964// 960//
f 943// 959// 960//
f 943// 960// 944//
f 947// 943// 944//
f 947// 944// 948//
f 948// 944// 960//
f 948// 960// 964//
f 963// 947// 948//
f 963// 948// 964//
f 11// 13// 1320//
f 1320// 1318// 1048//
f 1320// 1048// 1049//
f 583// 11// 1320//
f 1320// 1049// 583//
f 11// 12// 14//
f 11// 14// 13//
f 1318// 1319// 12//
f 1318// 12// 11//
f 11// 583// 582//
f 582// 1048// 1318//
f 11// 582// 1318//
f 584// 583// 1049//
f 584// 1049// 1050//
f 581// 582// 583//
f 581// 583// 584//
f 1321// 14// 12//
f 12// 581// 584//
f 1050// 1319// 1321//
f 1321// 12// 584//
f 1321// 584// 1050//
f 1047// 1048// 582//
f 1047// 582// 581//
f 1319// 1050// 1047//
f 1047// 581// 12//
f 1319// 1047// 12//
f 1050// 1049// 1048//
f 1050// 1048// 1047//
f 1320// 1321// 1319//
f 1320// 1319// 1318//
f 13// 14// 1321//
f 13// 1321// 1320//
f 1314// 1315// 1317//
f 1314// 1317// 1316//
f 1316// 1317// 1327//
f 1316// 1327// 1326//
f 1324// 1325// 1323//
f 1324// 1323// 1322//
f 1322// 1323// 1313//
f 1322// 1313// 1312//
f 1314// 1324// 1322//
f 1314// 1322// 1312//
f 1325// 1315// 1313//
f 1325// 1313// 1323//
f 1327// 1317// 1315//
f 1327// 1315// 1325//
f 1316// 1326// 1324//
f 1316// 1324// 1314//
f 1326// 1327// 1325//
f 1326// 1325// 1324//
f 1312// 1313// 16//
f 1312// 16// 15//
f 18// 17// 17//
f 18// 17// 18//
f 1315// 1314// 17//
f 1315// 17// 18//
f 1313// 1315// 18//
f 1313// 18// 16//
f 1314// 1312// 15//
f 1314// 15// 17//
f 15// 16// 18//
f 15// 18// 17//
f 15// 16// 16//
f 15// 16// 15//
f 16// 18// 18//
f 16// 18// 16//
f 17// 15// 15//
f 17// 15// 17//
f 25// 27// 1330//
f 25// 1330// 1328//
f 25// 19// 21//
f 25// 21// 27//
f 27// 28// 1331//
f 27// 1331// 1330//
f 21// 22// 28//
f 21// 28// 27//
f 1328// 1330// 1330//
f 1328// 1330// 1328//
f 1330// 1331// 1331//
f 1330// 1331// 1330//
f 1330// 1331// 1329//
f 1330// 1329// 1328//
f 1331// 1329// 1329//
f 1331// 1329// 1331//
f 1329// 1328// 1328//
f 1329// 1328// 1329//
f 28// 26// 1329//
f 28// 1329// 1331//
f 26// 25// 1328//
f 26// 1328// 1329//
f 10// 24// 26//
f 10// 26// 20//
f 25// 26// 24//
f 25// 24// 23//
f 20// 26// 28//
f 20// 28// 22//
f 19// 20// 22//
f 19// 22// 21//
f 9// 10// 20//
f 9// 20// 19//
f 23// 9// 19//
f 23// 19// 25//
f 23// 24// 10//
f 23// 10// 9//
f 1339// 1337// 1336//
f 1339// 1336// 1338//
f 1337// 2// 1//
f 1337// 1// 1336//
f 2// 4// 3//
f 2// 3// 1//
f 4// 1339// 1338//
f 4// 1338// 3//
f 1337// 1339// 4//
f 1337// 4// 2//
f 1// 3// 1338//
f 1// 1338// 1336//
